             N1        N2        N3         R         W
epoch                                                  
0      0.669896  0.088323  0.000014  0.008326  0.233441
1      0.057302  0.225630  0.037035  0.018208  0.661825
2      0.319809  0.271829  0.117342  0.020656  0.270364
3      0.241385  0.453913  0.030129  0.047968  0.226604
4      0.186911  0.342076  0.030926  0.196545  0.243542
5      0.545619  0.017657  0.002052  0.018628  0.416043
6      0.027776  0.046852  0.001857  0.005495  0.918020
7      0.000385  0.000364  0.987068  0.000734  0.011449
8      0.043248  0.023810  0.003539  0.095540  0.833863
9      0.019246  0.058610  0.001405  0.008361  0.912378
             N1        N2        N3         R         W
epoch                                                  
0      0.382858  0.098593  0.000006  0.029405  0.489138
1      0.120888  0.385189  0.105425  0.019151  0.369347
2      0.251305  0.312915  0.103239  0.037166  0.295376
3      0.327340  0.261436  0.016169  0.042533  0.352521
4      0.247599  0.542746  0.024678  0.021995  0.162982
5      0.662334  0.042695  0.004484  0.021272  0.269215
6      0.027365  0.098747  0.001676  0.004408  0.867804
7      0.000331  0.000239  0.991960  0.000483  0.006987
8      0.061688  0.026257  0.007199  0.069563  0.835294
9      0.018618  0.044895  0.000243  0.011415  0.924830
10     0.007547  0.157042  0.005470  0.184325  0.645616
             N1        N2        N3         R         W
epoch                                                  
0      0.307143  0.079742  0.000006  0.019975  0.593134
1      0.158470  0.483872  0.030605  0.063194  0.263858
2      0.231028  0.374029  0.045475  0.066937  0.282530
3      0.261449  0.462991  0.026999  0.033899  0.214662
4      0.217950  0.611125  0.038320  0.036003  0.096601
5      0.649198  0.136431  0.002708  0.023461  0.188202
6      0.050098  0.122906  0.001782  0.011850  0.813364
7      0.000979  0.000746  0.984036  0.000928  0.013311
8      0.054971  0.037819  0.010731  0.090624  0.805854
9      0.049879  0.066608  0.000581  0.007027  0.875905
10     0.052442  0.255584  0.012504  0.037278  0.642192
11     0.007943  0.060369  0.013388  0.019714  0.898586
             N1        N2        N3         R         W
epoch                                                  
0      0.091849  0.078123  0.000004  0.007952  0.822072
1      0.192674  0.579050  0.009470  0.041275  0.177531
2      0.306858  0.403642  0.028786  0.039587  0.221127
3      0.231448  0.512623  0.020981  0.022783  0.212165
4      0.105762  0.759343  0.026543  0.020562  0.087791
5      0.131778  0.351061  0.006562  0.077820  0.432779
6      0.053667  0.199061  0.005425  0.010462  0.731384
7      0.001161  0.000950  0.985195  0.000105  0.012589
8      0.064585  0.065825  0.007714  0.058362  0.803514
9      0.051046  0.073047  0.000690  0.008719  0.866497
10     0.055260  0.336707  0.003819  0.045312  0.558902
11     0.020201  0.075312  0.073226  0.010709  0.820552
12     0.020836  0.378939  0.017935  0.222387  0.359904
             N1        N2            N3         R         W
epoch                                                      
0      0.028566  0.059133  3.624595e-07  0.004850  0.907450
1      0.214633  0.458338  8.039846e-03  0.053464  0.265525
2      0.215577  0.327039  8.401485e-03  0.028806  0.420176
3      0.209913  0.522355  1.970529e-02  0.020381  0.227646
4      0.065477  0.730335  3.943543e-02  0.033079  0.131674
5      0.118714  0.333809  8.402682e-03  0.054973  0.484101
6      0.043693  0.207992  2.433157e-03  0.010447  0.735434
7      0.057192  0.048376  5.128050e-03  0.006721  0.882583
8      0.118048  0.083839  9.583597e-03  0.082943  0.705586
9      0.098255  0.072005  5.554810e-04  0.002993  0.826193
10     0.052637  0.294819  5.735464e-03  0.017311  0.629497
11     0.041518  0.064395  5.446574e-02  0.008045  0.831577
12     0.034644  0.400211  2.493967e-02  0.122655  0.417550
13     0.050561  0.684858  1.817229e-02  0.030435  0.215974
             N1        N2            N3         R         W
epoch                                                      
0      0.016929  0.097923  5.171937e-07  0.010018  0.875130
1      0.099995  0.551220  1.152880e-02  0.038642  0.298614
2      0.079845  0.325949  9.040042e-03  0.024351  0.560815
3      0.276754  0.376979  5.222723e-03  0.013482  0.327562
4      0.064584  0.584310  6.340371e-02  0.153833  0.133869
5      0.152287  0.282485  1.459542e-02  0.046694  0.503939
6      0.025828  0.132222  2.135567e-03  0.005370  0.834444
7      0.068047  0.039312  4.098834e-03  0.008640  0.879902
8      0.099132  0.047937  6.007266e-03  0.026784  0.820139
9      0.128850  0.122199  6.363811e-04  0.002882  0.745433
10     0.045270  0.233052  3.305269e-03  0.017594  0.700779
11     0.027863  0.091705  3.019038e-02  0.006425  0.843817
12     0.056767  0.449537  2.817632e-02  0.087419  0.378101
13     0.038503  0.612709  2.409722e-02  0.020231  0.304460
14     0.110125  0.562919  2.106766e-02  0.067862  0.238027
             N1        N2            N3         R         W
epoch                                                      
0      0.011260  0.089375  5.886930e-07  0.015331  0.884034
1      0.122850  0.583366  1.018538e-02  0.010090  0.273508
2      0.102202  0.277647  8.258698e-03  0.024400  0.587492
3      0.262423  0.269431  7.778353e-03  0.024499  0.435870
4      0.109966  0.532071  1.998024e-01  0.019042  0.139119
5      0.117175  0.242645  9.896480e-03  0.029685  0.600598
6      0.026294  0.145114  8.735612e-04  0.007128  0.820590
7      0.054724  0.044407  1.687481e-03  0.012850  0.886332
8      0.108584  0.034363  1.520015e-03  0.013193  0.842340
9      0.153883  0.135793  1.624505e-03  0.006693  0.702006
10     0.088454  0.326356  3.972039e-03  0.019584  0.561634
11     0.020231  0.131017  1.631540e-02  0.006446  0.825991
12     0.039858  0.543147  1.231685e-02  0.044637  0.360040
13     0.028943  0.709484  2.318292e-02  0.031594  0.206796
14     0.071310  0.545004  3.111000e-02  0.052745  0.299830
15     0.113841  0.525469  1.755540e-02  0.115692  0.227443
             N1        N2            N3         R         W
epoch                                                      
0      0.012592  0.097807  6.133170e-07  0.012099  0.877501
1      0.126583  0.577209  1.353460e-02  0.006821  0.275853
2      0.132669  0.244336  8.627949e-03  0.009520  0.604847
3      0.284389  0.243693  8.688868e-03  0.023743  0.439486
4      0.116165  0.480835  2.363879e-01  0.011644  0.154967
5      0.100274  0.176342  1.181118e-02  0.091476  0.620097
6      0.019551  0.135228  1.100929e-03  0.005121  0.838999
7      0.044012  0.041844  1.663218e-03  0.004335  0.908146
8      0.121171  0.026698  1.513228e-03  0.009440  0.841178
9      0.263613  0.117989  7.133247e-04  0.006541  0.611144
10     0.124566  0.313417  1.332675e-01  0.020855  0.407894
11     0.050826  0.102119  1.919278e-02  0.012182  0.815680
12     0.058740  0.558617  1.391010e-02  0.081725  0.287007
13     0.037190  0.729634  2.717659e-02  0.023394  0.182606
14     0.067733  0.628662  2.933441e-02  0.056646  0.217624
15     0.207330  0.495661  2.010285e-02  0.102547  0.174359
16     0.031696  0.030071  9.129616e-01  0.010548  0.014723
             N1        N2        N3         R         W
epoch                                                  
0      0.076363  0.299870  0.008255  0.038098  0.577415
1      0.114725  0.577321  0.019637  0.008076  0.280242
2      0.119749  0.219153  0.007872  0.006406  0.646820
3      0.318330  0.255755  0.008584  0.019628  0.397703
4      0.071205  0.544009  0.224372  0.005129  0.155286
5      0.073519  0.178543  0.017832  0.102167  0.627939
6      0.037655  0.118442  0.000528  0.007465  0.835910
7      0.038623  0.049647  0.002350  0.005378  0.904001
8      0.178620  0.039836  0.002665  0.007811  0.771067
9      0.166381  0.199939  0.001268  0.003363  0.629049
10     0.178269  0.335856  0.012317  0.023857  0.449701
11     0.033805  0.132511  0.030476  0.008466  0.794742
12     0.067386  0.642910  0.012460  0.071719  0.205524
13     0.058891  0.758885  0.024580  0.026014  0.131628
14     0.101546  0.636531  0.049264  0.052260  0.160399
15     0.241289  0.510000  0.039669  0.087515  0.121527
16     0.158053  0.099305  0.682389  0.022989  0.037263
17     0.313321  0.379597  0.054185  0.147023  0.105875
             N1        N2        N3         R         W
epoch                                                  
0      0.065771  0.250850  0.008723  0.025285  0.649371
1      0.134197  0.466738  0.024688  0.004319  0.370059
2      0.320828  0.147014  0.007708  0.004767  0.519683
3      0.288578  0.282509  0.014614  0.015057  0.399243
4      0.071908  0.375531  0.361558  0.006623  0.184379
5      0.081561  0.146569  0.022777  0.018309  0.730784
6      0.048784  0.122447  0.000426  0.004693  0.823650
7      0.067839  0.059222  0.002490  0.010723  0.859727
8      0.127228  0.049019  0.002488  0.004442  0.816823
9      0.111546  0.125886  0.000807  0.002740  0.759021
10     0.133056  0.246549  0.004721  0.020568  0.595106
11     0.049154  0.137459  0.021522  0.010096  0.781769
12     0.077179  0.729406  0.010932  0.077732  0.104752
13     0.073350  0.736513  0.015452  0.075179  0.099505
14     0.013434  0.963491  0.003452  0.009663  0.009960
15     0.083893  0.847093  0.006418  0.038214  0.024382
16     0.423119  0.168116  0.283936  0.041735  0.083095
17     0.394404  0.293193  0.058648  0.063453  0.190302
18     0.228453  0.372076  0.071193  0.085178  0.243101
             N1        N2        N3         R         W
epoch                                                  
0      0.112290  0.157562  0.004605  0.028108  0.697435
1      0.133166  0.364364  0.033874  0.008009  0.460587
2      0.136785  0.155470  0.018567  0.009793  0.679386
3      0.291444  0.113192  0.010535  0.013594  0.571235
4      0.093721  0.283108  0.340528  0.004069  0.278574
5      0.074888  0.147890  0.016425  0.012838  0.747959
6      0.031294  0.072161  0.000381  0.004440  0.891725
7      0.057368  0.061507  0.002317  0.034699  0.844109
8      0.159563  0.042917  0.001416  0.007606  0.788498
9      0.081499  0.114776  0.000911  0.002021  0.800792
10     0.101574  0.177307  0.007378  0.019286  0.694455
11     0.053702  0.169101  0.012093  0.011269  0.753835
12     0.085828  0.684879  0.017112  0.084346  0.127836
13     0.090147  0.721783  0.021545  0.069640  0.096885
14     0.065300  0.781838  0.018348  0.062382  0.072132
15     0.347240  0.379897  0.027383  0.146685  0.098795
16     0.487810  0.129760  0.285256  0.047870  0.049303
17     0.436487  0.274736  0.062613  0.123134  0.103029
18     0.335445  0.326560  0.049368  0.090483  0.198145
19     0.166668  0.233480  0.013187  0.279432  0.307233
             N1        N2        N3         R         W
epoch                                                  
0      0.209735  0.209306  0.018325  0.011839  0.550794
1      0.258045  0.260772  0.050544  0.009372  0.421266
2      0.222773  0.188422  0.030058  0.011566  0.547181
3      0.310210  0.087659  0.012682  0.015388  0.574061
4      0.166209  0.161715  0.373374  0.005511  0.293190
5      0.117779  0.102552  0.017701  0.009569  0.752399
6      0.019681  0.048959  0.000248  0.004863  0.926249
7      0.057906  0.049781  0.001819  0.045222  0.845272
8      0.148175  0.032245  0.001316  0.006940  0.811324
9      0.078212  0.119509  0.001425  0.002662  0.798192
10     0.100733  0.147568  0.007931  0.010953  0.732815
11     0.052440  0.174736  0.007852  0.008267  0.756705
12     0.142982  0.579828  0.036151  0.096171  0.144868
13     0.176493  0.694544  0.019090  0.033438  0.076434
14     0.114028  0.747476  0.024460  0.046800  0.067235
15     0.135165  0.559486  0.036754  0.168735  0.099859
16     0.296003  0.173404  0.379759  0.053895  0.096939
17     0.205356  0.359659  0.102082  0.158652  0.174251
18     0.156651  0.369334  0.058613  0.187746  0.227655
19     0.076185  0.305355  0.033785  0.277458  0.307216
20     0.045298  0.172469  0.065168  0.072443  0.644622
             N1        N2        N3         R         W
epoch                                                  
0      0.196406  0.150955  0.033833  0.048416  0.570391
1      0.293978  0.133275  0.059243  0.007717  0.505787
2      0.270762  0.120842  0.026927  0.010229  0.571240
3      0.384817  0.080742  0.009711  0.009625  0.515105
4      0.195785  0.158929  0.320512  0.008398  0.316376
5      0.111194  0.048427  0.016034  0.006404  0.817941
6      0.020403  0.046709  0.000267  0.003690  0.928931
7      0.047803  0.036253  0.001326  0.048102  0.866515
8      0.177270  0.038167  0.001607  0.029269  0.753687
9      0.075546  0.104094  0.001032  0.002228  0.817099
10     0.088615  0.133875  0.004781  0.008052  0.764676
11     0.044898  0.148117  0.009903  0.005352  0.791729
12     0.157728  0.589651  0.041600  0.075968  0.135053
13     0.203160  0.670262  0.021125  0.024856  0.080598
14     0.243472  0.596563  0.043673  0.036137  0.080155
15     0.220140  0.479074  0.046282  0.160693  0.093811
16     0.434053  0.170617  0.151196  0.049189  0.194946
17     0.286411  0.302811  0.095823  0.123631  0.191324
18     0.165249  0.326020  0.074711  0.222956  0.211064
19     0.118092  0.297115  0.063265  0.271476  0.250052
20     0.147044  0.280246  0.022284  0.347173  0.203254
21     0.165168  0.196333  0.013740  0.282341  0.342418
             N1        N2        N3         R         W
epoch                                                  
0      0.194162  0.093282  0.032433  0.039268  0.640855
1      0.250751  0.108411  0.079000  0.015337  0.546501
2      0.318752  0.118918  0.029406  0.003521  0.529403
3      0.334806  0.096664  0.012693  0.007465  0.548372
4      0.167854  0.122945  0.362334  0.005497  0.341370
5      0.157006  0.046099  0.016838  0.004469  0.775588
6      0.013918  0.029470  0.000210  0.002762  0.953641
7      0.043213  0.025171  0.001130  0.021795  0.908691
8      0.196208  0.035858  0.000901  0.017366  0.749666
9      0.076842  0.091023  0.001237  0.003607  0.827291
10     0.076042  0.106331  0.005236  0.008534  0.803856
11     0.041917  0.105428  0.006048  0.006158  0.840448
12     0.155614  0.537761  0.053402  0.086785  0.166438
13     0.158172  0.719778  0.016077  0.048486  0.057488
14     0.272437  0.516673  0.029098  0.069809  0.111983
15     0.263569  0.413469  0.045287  0.170823  0.106851
16     0.356323  0.174892  0.109570  0.046183  0.313031
17     0.268636  0.314111  0.030942  0.104838  0.281473
18     0.284481  0.376903  0.026503  0.098431  0.213682
19     0.142752  0.176057  0.017488  0.319315  0.344389
20     0.166505  0.251931  0.010820  0.315231  0.255512
21     0.201964  0.220741  0.006402  0.300788  0.270105
22     0.121202  0.160273  0.003787  0.154880  0.559858
             N1        N2        N3             R         W
epoch                                                      
0      0.090255  0.100337  0.031334  8.341415e-11  0.778074
1      0.086661  0.178871  0.167432  1.550946e-02  0.551527
2      0.312874  0.133520  0.040274  2.776544e-03  0.510556
3      0.261157  0.112942  0.012474  4.133305e-03  0.609294
4      0.133567  0.098121  0.383690  5.629595e-03  0.378992
5      0.093287  0.027708  0.012820  5.939330e-03  0.860246
6      0.017075  0.025448  0.000217  4.590054e-03  0.952670
7      0.027798  0.018225  0.000875  1.468328e-02  0.938419
8      0.150727  0.026209  0.000547  2.175034e-02  0.800767
9      0.087848  0.102761  0.001849  4.502543e-03  0.803040
10     0.078752  0.125786  0.011534  1.051398e-02  0.773414
11     0.043509  0.101973  0.004533  6.652770e-03  0.843332
12     0.106965  0.663862  0.040387  2.560882e-02  0.163177
13     0.150241  0.682127  0.030421  6.234717e-02  0.074863
14     0.223175  0.514508  0.041639  7.358487e-02  0.147093
15     0.253508  0.377337  0.057929  1.423228e-01  0.168902
16     0.357504  0.159237  0.058074  5.219693e-02  0.372988
17     0.223788  0.253258  0.029891  1.283860e-01  0.364677
18     0.178911  0.307094  0.036221  1.785482e-01  0.299226
19     0.106484  0.248217  0.027472  3.972855e-01  0.220541
20     0.116975  0.234674  0.014458  3.916007e-01  0.242293
21     0.191184  0.255598  0.011999  2.848901e-01  0.256328
22     0.160591  0.316892  0.005911  1.923775e-01  0.324228
23     0.146764  0.146226  0.006531  8.934602e-02  0.611133
             N1        N2        N3             R         W
epoch                                                      
0      0.090023  0.109774  0.034748  2.164701e-11  0.765455
1      0.108969  0.195728  0.196780  1.181178e-02  0.486712
2      0.271819  0.105384  0.039049  2.412828e-03  0.581336
3      0.260080  0.133942  0.018382  3.131442e-03  0.584464
4      0.110668  0.095610  0.378293  6.468317e-03  0.408960
5      0.107400  0.025171  0.010444  5.437966e-03  0.851548
6      0.020068  0.022715  0.000216  2.246982e-03  0.954755
7      0.028455  0.017325  0.000829  1.081428e-02  0.942576
8      0.108781  0.019452  0.000415  1.621049e-02  0.855142
9      0.099925  0.081807  0.001611  4.685882e-03  0.811972
10     0.061627  0.099083  0.009738  1.327857e-02  0.816274
11     0.029202  0.091708  0.004278  7.223899e-03  0.867588
12     0.144306  0.588099  0.041676  1.583633e-02  0.210083
13     0.107658  0.736232  0.039668  3.754273e-02  0.078899
14     0.224639  0.453596  0.047627  8.594167e-02  0.188196
15     0.250142  0.389819  0.037507  1.220649e-01  0.200468
16     0.378102  0.112779  0.069171  6.538848e-02  0.374560
17     0.257012  0.280170  0.021961  1.538806e-01  0.286977
18     0.180485  0.274008  0.035030  2.373335e-01  0.273143
19     0.101323  0.193417  0.029541  4.762660e-01  0.199452
20     0.078802  0.199225  0.014924  5.358323e-01  0.171217
21     0.086841  0.143350  0.009509  5.998694e-01  0.160431
22     0.146147  0.173090  0.010692  3.660114e-01  0.304059
23     0.135242  0.175675  0.006741  3.921929e-01  0.290149
24     0.159818  0.234784  0.012015  2.133745e-01  0.380009
             N1        N2        N3             R         W
epoch                                                      
0      0.105486  0.088694  0.045245  2.453726e-11  0.760575
1      0.095228  0.181185  0.263856  6.978463e-03  0.452752
2      0.282521  0.096363  0.035399  1.338452e-03  0.584379
3      0.310400  0.153402  0.017831  3.430391e-03  0.514936
4      0.117531  0.071478  0.388793  5.033179e-03  0.417166
5      0.223544  0.021185  0.009279  1.123696e-02  0.734756
6      0.021978  0.019152  0.000147  5.149379e-03  0.953573
7      0.034069  0.017158  0.001137  2.605184e-03  0.945030
8      0.105324  0.017847  0.000433  1.344617e-02  0.862949
9      0.108517  0.070804  0.001019  4.253774e-03  0.815407
10     0.063962  0.080632  0.011712  1.359915e-02  0.830095
11     0.032475  0.098239  0.003287  8.487478e-03  0.857511
12     0.174077  0.503325  0.050618  1.633871e-02  0.255641
13     0.134835  0.708592  0.047022  2.927718e-02  0.080273
14     0.237407  0.505635  0.047188  6.632455e-02  0.143446
15     0.278412  0.371730  0.049830  1.261473e-01  0.173881
16     0.457929  0.085495  0.027442  1.164731e-01  0.312661
17     0.296528  0.241842  0.022551  1.990578e-01  0.240021
18     0.190607  0.202849  0.025664  3.520466e-01  0.228833
19     0.158919  0.194797  0.016472  4.474378e-01  0.182374
20     0.111125  0.192794  0.008247  5.379800e-01  0.149854
21     0.119792  0.166535  0.003793  5.437484e-01  0.166132
22     0.147475  0.175964  0.005814  4.011398e-01  0.269608
23     0.174388  0.171398  0.006503  3.293177e-01  0.318393
24     0.296147  0.225096  0.006035  2.273630e-01  0.245358
25     0.083333  0.080962  0.005510  8.143740e-02  0.748757
             N1        N2        N3             R         W
epoch                                                      
0      0.074094  0.050546  0.037587  1.585039e-11  0.837774
1      0.095755  0.203435  0.267920  3.470079e-03  0.429421
2      0.274957  0.096033  0.046769  1.279985e-03  0.580961
3      0.308942  0.131712  0.014855  3.660016e-03  0.540830
4      0.113497  0.076263  0.364703  6.237286e-03  0.439300
5      0.107772  0.012574  0.002998  5.734631e-03  0.870922
6      0.022724  0.019734  0.000168  5.543591e-03  0.951830
7      0.038220  0.014515  0.001110  1.635133e-03  0.944520
8      0.084876  0.016982  0.000655  4.440625e-03  0.893047
9      0.084456  0.058198  0.000552  2.237796e-03  0.854556
10     0.071754  0.073819  0.009592  1.398330e-02  0.830851
11     0.027565  0.079865  0.002476  7.311832e-03  0.882782
12     0.167691  0.509175  0.042259  1.575464e-02  0.265120
13     0.121969  0.684404  0.066545  3.699654e-02  0.090086
14     0.206827  0.528352  0.047521  5.393991e-02  0.163361
15     0.309993  0.383590  0.034935  9.191799e-02  0.179564
16     0.481700  0.069408  0.017823  1.385361e-01  0.292532
17     0.338771  0.219133  0.018923  2.033568e-01  0.219815
18     0.277558  0.230368  0.013594  2.713110e-01  0.207168
19     0.201448  0.197930  0.013802  3.068562e-01  0.279963
20     0.134797  0.215804  0.008230  4.712790e-01  0.169889
21     0.185150  0.276209  0.005030  3.226499e-01  0.210961
22     0.168103  0.195320  0.004706  3.689895e-01  0.262882
23     0.200829  0.206519  0.005118  2.942229e-01  0.293311
24     0.309800  0.247739  0.006253  2.863915e-01  0.149816
25     0.162612  0.135922  0.008110  2.056809e-01  0.487675
26     0.189985  0.309700  0.002140  1.724200e-01  0.325755
             N1        N2        N3             R         W
epoch                                                      
0      0.071140  0.058378  0.038617  1.680858e-11  0.831865
1      0.064711  0.202702  0.300513  2.523959e-03  0.429550
2      0.205702  0.113308  0.047525  1.115766e-03  0.632350
3      0.275913  0.181890  0.011505  2.223914e-03  0.528469
4      0.079763  0.053595  0.210638  3.376669e-03  0.652628
5      0.067558  0.010406  0.002922  6.281544e-03  0.912832
6      0.018373  0.015638  0.000111  1.708365e-02  0.948795
7      0.041940  0.015507  0.001178  1.008811e-03  0.940366
8      0.067964  0.015023  0.000739  3.897899e-03  0.912377
9      0.089496  0.059757  0.000783  1.817077e-03  0.848147
10     0.072030  0.068704  0.008437  1.305836e-02  0.837771
11     0.025106  0.072507  0.002661  7.415665e-03  0.892310
12     0.159034  0.461135  0.051331  4.928205e-02  0.279218
13     0.128972  0.645660  0.082496  3.388646e-02  0.108986
14     0.177721  0.532357  0.055074  5.845304e-02  0.176395
15     0.289522  0.435960  0.048443  2.802534e-02  0.198049
16     0.360060  0.094060  0.018710  1.318801e-01  0.395291
17     0.329134  0.263386  0.016011  1.860932e-01  0.205376
18     0.281278  0.248973  0.015922  2.458222e-01  0.208005
19     0.244444  0.237617  0.012303  3.009132e-01  0.204723
20     0.135448  0.286668  0.009621  4.049344e-01  0.163327
21     0.172904  0.318410  0.006151  3.005425e-01  0.201992
22     0.175588  0.280321  0.005683  2.596769e-01  0.278732
23     0.228494  0.254607  0.007284  2.113432e-01  0.298272
24     0.343768  0.302004  0.008469  2.186924e-01  0.127066
25     0.182585  0.181930  0.008741  1.769836e-01  0.449760
26     0.178548  0.439559  0.002665  1.765423e-01  0.202686
27     0.203435  0.250460  0.002994  1.755361e-01  0.367575
             N1        N2        N3             R         W
epoch                                                      
0      0.058335  0.058934  0.036988  2.087946e-11  0.845743
1      0.051939  0.211703  0.257328  2.670043e-03  0.476361
2      0.212757  0.123361  0.045932  7.959093e-04  0.617155
3      0.236029  0.175132  0.007387  1.837058e-03  0.579615
4      0.073742  0.044520  0.226217  3.539863e-03  0.651981
5      0.030645  0.009932  0.002458  5.025061e-03  0.951940
6      0.047370  0.038733  0.000201  4.512048e-02  0.868575
7      0.037789  0.010683  0.000763  7.932428e-04  0.949971
8      0.070444  0.013003  0.000804  1.212995e-03  0.914535
9      0.094509  0.059284  0.000947  1.611598e-03  0.843648
10     0.071481  0.067939  0.008304  1.264153e-02  0.839634
11     0.023792  0.083274  0.002873  6.229314e-03  0.883831
12     0.105597  0.481786  0.052351  4.817996e-02  0.312086
13     0.148942  0.632338  0.066185  2.801194e-02  0.124523
14     0.181973  0.515562  0.074132  5.469973e-02  0.173633
15     0.297645  0.421092  0.051090  3.375162e-02  0.196422
16     0.372744  0.142734  0.019263  1.123711e-01  0.352888
17     0.311848  0.324329  0.015211  1.181068e-01  0.230505
18     0.254899  0.294854  0.011152  2.315650e-01  0.207530
19     0.211220  0.255138  0.008111  3.016152e-01  0.223915
20     0.116232  0.277941  0.005303  4.347832e-01  0.165741
21     0.154255  0.397354  0.004164  2.460173e-01  0.198209
22     0.167586  0.283512  0.003631  2.952757e-01  0.249996
23     0.243118  0.391323  0.004644  1.676846e-01  0.193231
24     0.313666  0.412208  0.005160  1.523579e-01  0.116608
25     0.161160  0.260987  0.008977  1.309481e-01  0.437928
26     0.131020  0.477357  0.002163  1.589696e-01  0.230489
27     0.177608  0.323792  0.002039  2.128367e-01  0.283725
28     0.144942  0.240424  0.005989  9.383020e-02  0.514815
