             N1        N2        N3             R         W
epoch                                                      
0      0.001050  0.001319  0.003753  1.697505e-30  0.993878
1      0.006758  0.016022  0.004187  2.099599e-05  0.973012
2      0.006203  0.033180  0.003651  9.575853e-04  0.956009
3      0.057951  0.345404  0.012675  1.202743e-02  0.571942
4      0.097265  0.601809  0.043365  4.176430e-03  0.253384
5      0.243871  0.480329  0.011038  6.497043e-02  0.199792
6      0.266503  0.369497  0.001248  5.404052e-02  0.308711
7      0.258658  0.102010  0.005555  1.808070e-01  0.452970
8      0.241909  0.185978  0.002722  2.407635e-01  0.328627
9      0.599941  0.118745  0.007032  9.806648e-02  0.176216
             N1        N2        N3             R         W
epoch                                                      
0      0.001077  0.001648  0.003535  1.802821e-30  0.993740
1      0.001890  0.015099  0.002964  1.748818e-05  0.980030
2      0.004493  0.069742  0.003106  3.762003e-04  0.922283
3      0.052142  0.296501  0.013209  9.107734e-03  0.629040
4      0.047730  0.733481  0.007694  3.773352e-03  0.207322
5      0.212380  0.399525  0.027005  3.302418e-02  0.328066
6      0.238204  0.417543  0.003690  4.774796e-02  0.292815
7      0.257448  0.188790  0.007557  1.479221e-01  0.398284
8      0.103015  0.174614  0.002131  4.695715e-01  0.250668
9      0.183393  0.165036  0.004144  3.129070e-01  0.334519
10     0.240201  0.097271  0.006609  1.993774e-01  0.456542
             N1        N2        N3             R         W
epoch                                                      
0      0.001111  0.001862  0.003038  1.777151e-30  0.993988
1      0.001704  0.051656  0.002242  1.332429e-05  0.944384
2      0.001953  0.028305  0.001936  6.592042e-05  0.967740
3      0.056512  0.367322  0.026270  1.023553e-02  0.539661
4      0.058047  0.545346  0.007837  2.828595e-03  0.385942
5      0.146001  0.336886  0.017512  3.519667e-02  0.464403
6      0.281871  0.514670  0.012646  2.554689e-02  0.165267
7      0.265583  0.290923  0.021900  4.517777e-02  0.376417
8      0.117645  0.259356  0.007367  3.313083e-01  0.284324
9      0.222740  0.114698  0.004466  3.893795e-01  0.268716
10     0.222479  0.070752  0.007352  3.029797e-01  0.396437
11     0.074071  0.066636  0.002713  5.169857e-01  0.339595
             N1        N2        N3             R         W
epoch                                                      
0      0.001260  0.002429  0.003838  2.368202e-30  0.992473
1      0.001643  0.107114  0.002503  8.699878e-06  0.888731
2      0.002955  0.043505  0.003871  6.004829e-05  0.949610
3      0.046034  0.777679  0.005698  8.453833e-04  0.169744
4      0.098325  0.442478  0.008952  1.845513e-03  0.448399
5      0.151719  0.412015  0.012739  1.379300e-02  0.409733
6      0.387766  0.405078  0.020435  2.007023e-02  0.166651
7      0.204061  0.302587  0.037459  7.039405e-02  0.385499
8      0.165670  0.353220  0.012835  1.937654e-01  0.274509
9      0.200696  0.256990  0.053206  1.925050e-01  0.296604
10     0.139108  0.062212  0.049716  3.105717e-01  0.438392
11     0.109161  0.196973  0.017263  3.818063e-01  0.294797
12     0.068027  0.118200  0.009313  4.677101e-01  0.336750
             N1        N2        N3             R         W
epoch                                                      
0      0.002613  0.003088  0.011642  7.449183e-30  0.982657
1      0.003853  0.040370  0.004242  1.521155e-05  0.951521
2      0.004709  0.013812  0.004647  5.766064e-05  0.976775
3      0.057633  0.771212  0.005069  6.347856e-04  0.165452
4      0.184828  0.410532  0.009266  2.376589e-03  0.392997
5      0.120655  0.386971  0.013732  1.426643e-02  0.464375
6      0.365239  0.394663  0.019848  3.194104e-02  0.188309
7      0.221939  0.365754  0.028972  6.351049e-02  0.319824
8      0.151972  0.508034  0.009753  9.280297e-02  0.237438
9      0.257378  0.315335  0.011704  1.441355e-01  0.271448
10     0.145421  0.110386  0.028351  1.611281e-01  0.554713
11     0.150178  0.255035  0.025843  1.986912e-01  0.370252
12     0.110474  0.236082  0.014344  2.929942e-01  0.346106
13     0.089786  0.194471  0.016676  8.920435e-02  0.609863
             N1        N2        N3             R         W
epoch                                                      
0      0.001132  0.004847  0.007073  3.083835e-14  0.986947
1      0.006680  0.046703  0.009250  2.320339e-05  0.937343
2      0.009517  0.018135  0.003654  9.483114e-05  0.968600
3      0.096980  0.632694  0.005833  7.571272e-04  0.263736
4      0.219536  0.352990  0.008053  2.792574e-03  0.416629
5      0.110058  0.339445  0.016256  1.514038e-02  0.519100
6      0.331814  0.494833  0.011014  3.013668e-02  0.132203
7      0.367004  0.270135  0.018690  3.736678e-02  0.306804
8      0.139127  0.580713  0.010539  6.107693e-02  0.208544
9      0.215314  0.441089  0.010763  1.155399e-01  0.217294
10     0.166677  0.186743  0.020474  1.331628e-01  0.492943
11     0.196113  0.296573  0.011303  1.503221e-01  0.345688
12     0.119799  0.211643  0.010510  4.464414e-01  0.211607
13     0.155860  0.286733  0.019775  1.387542e-01  0.398879
14     0.111888  0.143670  0.018848  9.426633e-02  0.631328
             N1        N2        N3             R         W
epoch                                                      
0      0.000975  0.002319  0.006386  2.981042e-14  0.990320
1      0.003139  0.028699  0.005118  1.864097e-05  0.963025
2      0.004241  0.017172  0.003319  1.112353e-04  0.975157
3      0.082105  0.594210  0.008204  6.958977e-04  0.314784
4      0.150994  0.362758  0.008576  2.346018e-03  0.475325
5      0.104607  0.325869  0.021863  1.446295e-02  0.533198
6      0.205253  0.610269  0.014322  4.146068e-02  0.128696
7      0.443113  0.249372  0.009820  4.136294e-02  0.256333
8      0.135361  0.616919  0.012665  7.107941e-02  0.163975
9      0.240474  0.441926  0.012557  7.353328e-02  0.231510
10     0.152758  0.271631  0.014394  1.046233e-01  0.456593
11     0.186772  0.421369  0.007699  1.198596e-01  0.264300
12     0.125453  0.229867  0.007421  4.220346e-01  0.215224
13     0.167152  0.293797  0.013563  1.583718e-01  0.367117
14     0.223573  0.235436  0.023212  1.627592e-01  0.355019
15     0.251876  0.137253  0.013275  1.030464e-01  0.494550
             N1        N2        N3             R         W
epoch                                                      
0      0.001045  0.002315  0.008657  2.965114e-14  0.987982
1      0.004239  0.030610  0.002978  2.926619e-05  0.962145
2      0.003965  0.010808  0.003056  1.350902e-04  0.982035
3      0.069658  0.522741  0.015013  5.090156e-04  0.392080
4      0.153480  0.318275  0.010018  1.412164e-03  0.516815
5      0.098952  0.394622  0.025757  2.210630e-02  0.458563
6      0.210811  0.618967  0.017992  2.360663e-02  0.128623
7      0.431152  0.286063  0.006169  3.160330e-02  0.245014
8      0.212308  0.552308  0.016493  5.726604e-02  0.161624
9      0.202174  0.498241  0.013885  9.882593e-02  0.186873
10     0.161138  0.358424  0.017259  7.374914e-02  0.389430
11     0.203643  0.490283  0.005716  1.104006e-01  0.189958
12     0.145046  0.407528  0.007454  1.674295e-01  0.272542
13     0.139833  0.410459  0.010920  1.115894e-01  0.327200
14     0.222329  0.280217  0.009366  1.614968e-01  0.326591
15     0.341100  0.219060  0.018550  1.131335e-01  0.308156
16     0.153851  0.168482  0.007919  4.065448e-02  0.629094
             N1        N2        N3             R         W
epoch                                                      
0      0.001812  0.003481  0.012558  4.571689e-14  0.982148
1      0.005841  0.040934  0.003050  6.520147e-05  0.950110
2      0.007709  0.019064  0.008813  1.579805e-04  0.964257
3      0.062575  0.521964  0.012444  5.014811e-04  0.402516
4      0.160237  0.256709  0.020319  2.004886e-03  0.560730
5      0.081797  0.372545  0.024481  2.389373e-02  0.497283
6      0.217748  0.600536  0.015929  2.509171e-02  0.140696
7      0.371146  0.319983  0.010089  3.573850e-02  0.263044
8      0.195819  0.626594  0.008611  3.930889e-02  0.129668
9      0.231653  0.486155  0.010437  7.832685e-02  0.193428
10     0.153529  0.296656  0.026124  7.616453e-02  0.447527
11     0.212977  0.481140  0.010842  9.464678e-02  0.200395
12     0.124615  0.400283  0.006460  2.940905e-01  0.174551
13     0.141416  0.462295  0.007849  1.161620e-01  0.272279
14     0.209777  0.384847  0.007417  1.511698e-01  0.246789
15     0.293832  0.287051  0.011950  2.257092e-01  0.181458
16     0.147508  0.317880  0.009200  1.323720e-01  0.393040
17     0.148335  0.279321  0.004721  9.462725e-02  0.472996
             N1        N2        N3             R         W
epoch                                                      
0      0.002233  0.007847  0.008696  1.317514e-13  0.981224
1      0.007988  0.030576  0.002847  5.213972e-05  0.958537
2      0.006905  0.016971  0.005861  1.083744e-04  0.970155
3      0.060381  0.564284  0.016769  6.563386e-04  0.357910
4      0.133395  0.258286  0.014394  1.568422e-03  0.592356
5      0.079714  0.332752  0.017066  2.079749e-02  0.549670
6      0.190778  0.619601  0.013259  2.057483e-02  0.155787
7      0.347679  0.327607  0.012438  4.417633e-02  0.268099
8      0.206882  0.624790  0.007161  4.342432e-02  0.117743
9      0.324829  0.389905  0.015269  4.398104e-02  0.226016
10     0.145014  0.281468  0.025149  5.811862e-02  0.490251
11     0.251874  0.414461  0.016770  1.103454e-01  0.206550
12     0.163726  0.532924  0.017398  1.334701e-01  0.152481
13     0.174916  0.442319  0.013538  8.844731e-02  0.280779
14     0.224207  0.411147  0.007463  1.435614e-01  0.213621
15     0.385750  0.323687  0.008111  1.455070e-01  0.136944
16     0.235040  0.375213  0.010714  5.168163e-02  0.327350
17     0.257038  0.250931  0.007828  2.154786e-01  0.268725
18     0.060350  0.172283  0.009939  1.319032e-01  0.625525
             N1        N2        N3             R         W
epoch                                                      
0      0.002205  0.007771  0.010410  3.398892e-13  0.979615
1      0.013419  0.041633  0.004384  4.646729e-05  0.940518
2      0.010683  0.017844  0.006814  1.100921e-04  0.964549
3      0.057575  0.522465  0.016083  1.112168e-03  0.402765
4      0.137124  0.269970  0.022501  2.363608e-03  0.568041
5      0.108778  0.316991  0.015282  1.756464e-02  0.541384
6      0.223279  0.549624  0.013496  2.569215e-02  0.187908
7      0.330409  0.370094  0.013307  3.804602e-02  0.248144
8      0.202938  0.577767  0.005964  4.784153e-02  0.165491
9      0.211360  0.500382  0.011518  4.428843e-02  0.232452
10     0.111858  0.219959  0.036235  4.932729e-02  0.582620
11     0.214586  0.368516  0.016209  9.615587e-02  0.304533
12     0.193530  0.476926  0.034090  1.492924e-01  0.146161
13     0.115865  0.447862  0.018545  2.343108e-01  0.183417
14     0.199097  0.330019  0.006899  2.520881e-01  0.211897
15     0.334323  0.360239  0.010359  1.592127e-01  0.135867
16     0.216051  0.348425  0.009617  7.704494e-02  0.348863
17     0.183733  0.325191  0.013670  1.532591e-01  0.324148
18     0.076134  0.293013  0.021816  1.621472e-01  0.446889
19     0.030524  0.066152  0.017783  3.744365e-02  0.848098
             N1        N2        N3             R         W
epoch                                                      
0      0.001772  0.007450  0.010606  3.920868e-13  0.980172
1      0.012653  0.027454  0.005254  7.779748e-05  0.954561
2      0.007772  0.025745  0.011983  1.174601e-04  0.954383
3      0.070913  0.530483  0.021637  1.326672e-03  0.375641
4      0.112014  0.269364  0.034156  4.025895e-03  0.580439
5      0.133582  0.387130  0.023870  1.450529e-02  0.440913
6      0.339942  0.478581  0.008490  1.800295e-02  0.154984
7      0.199889  0.454912  0.013283  4.611360e-02  0.285802
8      0.123807  0.709554  0.007594  3.738843e-02  0.121657
9      0.174697  0.520194  0.013565  7.595086e-02  0.215592
10     0.154268  0.244037  0.016271  1.086241e-01  0.476800
11     0.210605  0.303233  0.028829  1.259978e-01  0.331335
12     0.157765  0.462568  0.071210  1.669857e-01  0.141471
13     0.145065  0.532584  0.035615  1.442214e-01  0.142514
14     0.189161  0.341429  0.011116  3.063252e-01  0.151969
15     0.350815  0.319108  0.008531  1.769291e-01  0.144617
16     0.102093  0.333520  0.008351  9.190103e-02  0.464135
17     0.097200  0.215930  0.008002  1.129453e-01  0.565922
18     0.165790  0.193473  0.016675  1.476615e-01  0.476401
19     0.037777  0.072802  0.014578  3.028606e-02  0.844557
20     0.002891  0.007229  0.004122  9.987470e-04  0.984759
             N1        N2        N3             R         W
epoch                                                      
0      0.001897  0.003899  0.002442  1.813531e-13  0.991763
1      0.015216  0.033368  0.006468  8.274491e-05  0.944865
2      0.012141  0.027361  0.010019  8.518436e-05  0.950394
3      0.086831  0.598192  0.011830  1.546181e-03  0.301601
4      0.095040  0.267414  0.016011  3.049016e-03  0.618486
5      0.093596  0.288905  0.036236  9.632703e-03  0.571630
6      0.316004  0.506315  0.012189  2.154415e-02  0.143948
7      0.231325  0.454090  0.011804  3.871590e-02  0.264065
8      0.081792  0.793039  0.009489  3.100365e-02  0.084677
9      0.167824  0.488841  0.017739  7.392289e-02  0.251673
10     0.168338  0.221465  0.008636  1.699244e-01  0.431636
11     0.278056  0.270484  0.025515  8.735033e-02  0.338594
12     0.187068  0.414774  0.068065  1.360142e-01  0.194079
13     0.232725  0.514201  0.039815  8.104682e-02  0.132212
14     0.184285  0.544276  0.019801  1.170048e-01  0.134634
15     0.346446  0.412320  0.006386  1.182507e-01  0.116598
16     0.107553  0.342119  0.006951  1.093679e-01  0.434009
17     0.143406  0.317879  0.013090  1.602667e-01  0.365359
18     0.154080  0.206106  0.026402  1.576855e-01  0.455727
19     0.075045  0.222059  0.057410  1.041663e-01  0.541320
20     0.008844  0.022558  0.007747  4.657351e-03  0.956195
21     0.004378  0.010099  0.007471  2.520187e-03  0.975531
             N1        N2        N3             R         W
epoch                                                      
0      0.002430  0.005223  0.002372  1.870485e-13  0.989975
1      0.012018  0.061547  0.006001  6.553576e-05  0.920368
2      0.014510  0.031522  0.009851  9.192068e-05  0.944025
3      0.089003  0.548163  0.008981  1.952204e-03  0.351901
4      0.111130  0.210718  0.014186  4.533109e-03  0.659433
5      0.108029  0.311230  0.029885  9.465469e-03  0.541390
6      0.355938  0.502179  0.014680  1.696939e-02  0.110233
7      0.235059  0.415177  0.026747  3.047955e-02  0.292538
8      0.072396  0.805476  0.007798  3.379405e-02  0.080537
9      0.275270  0.381737  0.016134  5.960989e-02  0.267248
10     0.161969  0.220439  0.011164  1.396988e-01  0.466728
11     0.235362  0.270775  0.017137  8.682100e-02  0.389906
12     0.182996  0.399338  0.050570  1.454250e-01  0.221671
13     0.177524  0.486351  0.067606  1.396073e-01  0.128911
14     0.292323  0.476765  0.023102  1.023480e-01  0.105462
15     0.420459  0.364295  0.004182  1.212780e-01  0.089785
16     0.115801  0.423823  0.005907  5.745397e-02  0.397015
17     0.165027  0.376264  0.014768  1.368108e-01  0.307131
18     0.192301  0.241208  0.027022  1.629887e-01  0.376480
19     0.059815  0.244800  0.042454  8.016373e-02  0.572768
20     0.009745  0.032102  0.006866  4.844006e-03  0.946443
21     0.022134  0.039365  0.027236  5.227134e-03  0.906038
22     0.005135  0.007145  0.006562  5.679973e-04  0.980590
             N1        N2        N3             R         W
epoch                                                      
0      0.003552  0.005717  0.002606  1.520455e-13  0.988125
1      0.012807  0.141031  0.006365  4.674427e-05  0.839750
2      0.016648  0.111391  0.008800  9.182873e-05  0.863070
3      0.084314  0.526843  0.008341  2.749254e-03  0.377753
4      0.104414  0.204777  0.012273  4.540605e-03  0.673996
5      0.114163  0.289827  0.024150  1.005531e-02  0.561804
6      0.313171  0.499220  0.027436  1.547659e-02  0.144697
7      0.253369  0.406088  0.024474  3.554579e-02  0.280524
8      0.055582  0.827179  0.006768  2.404207e-02  0.086429
9      0.250394  0.326064  0.019855  1.816089e-01  0.222078
10     0.130537  0.172074  0.022349  3.436784e-01  0.331362
11     0.277652  0.180164  0.009515  2.283290e-01  0.304340
12     0.131859  0.317830  0.032682  3.458991e-01  0.171730
13     0.209762  0.444623  0.063550  1.013921e-01  0.180673
14     0.363267  0.444659  0.037968  4.602597e-02  0.108079
15     0.453910  0.387489  0.010076  4.301035e-02  0.105515
16     0.248138  0.368268  0.006701  5.277069e-02  0.324122
17     0.167584  0.393507  0.011562  1.332418e-01  0.294105
18     0.207405  0.280408  0.030888  1.340133e-01  0.347286
19     0.146513  0.239222  0.044067  1.223172e-01  0.447881
20     0.012229  0.073055  0.013633  2.491306e-02  0.876170
21     0.022258  0.049620  0.062694  5.074566e-03  0.860354
22     0.009608  0.017498  0.034306  1.213239e-03  0.937375
23     0.009160  0.019251  0.013831  1.565551e-03  0.956193
             N1        N2        N3             R         W
epoch                                                      
0      0.004912  0.006829  0.003998  4.456387e-14  0.984260
1      0.015990  0.122927  0.006217  6.080705e-05  0.854805
2      0.023551  0.154635  0.012330  2.798154e-04  0.809204
3      0.114153  0.167517  0.009692  4.225283e-03  0.704413
4      0.090156  0.176587  0.011007  3.049325e-03  0.719200
5      0.113095  0.260771  0.019908  1.114953e-02  0.595077
6      0.289201  0.568398  0.021008  8.148536e-03  0.113245
7      0.241501  0.432207  0.026195  3.448792e-02  0.265610
8      0.055996  0.750266  0.006560  9.315416e-02  0.094024
9      0.339017  0.243224  0.015725  2.254936e-01  0.176540
10     0.124333  0.146942  0.102053  2.906282e-01  0.336044
11     0.248610  0.198522  0.016345  2.631570e-01  0.273366
12     0.122637  0.337606  0.023835  3.591319e-01  0.156789
13     0.150919  0.292482  0.038559  3.802715e-01  0.137769
14     0.379045  0.403773  0.059860  5.490164e-02  0.102420
15     0.527991  0.314909  0.014802  5.439445e-02  0.087904
16     0.197734  0.340440  0.007093  4.621543e-02  0.408517
17     0.186571  0.406331  0.008919  1.400186e-01  0.258160
18     0.195601  0.385386  0.022830  1.658182e-01  0.230365
19     0.145693  0.299901  0.056921  1.875515e-01  0.309933
20     0.023372  0.166633  0.039645  4.688890e-02  0.723461
21     0.026282  0.066582  0.061016  5.163827e-03  0.840956
22     0.016358  0.024341  0.029961  1.329512e-03  0.928010
23     0.020106  0.053181  0.033239  3.341877e-03  0.890132
24     0.002345  0.008845  0.007405  5.414026e-04  0.980863
             N1        N2        N3             R         W
epoch                                                      
0      0.005498  0.007509  0.004027  4.344103e-14  0.982966
1      0.017473  0.149547  0.010094  5.899303e-05  0.822827
2      0.021913  0.130351  0.009271  2.459606e-04  0.838219
3      0.125925  0.179521  0.008201  4.147016e-03  0.682206
4      0.093540  0.183077  0.007755  3.759226e-03  0.711869
5      0.118742  0.211523  0.019088  1.052910e-02  0.640118
6      0.318112  0.467496  0.023182  1.142169e-02  0.179788
7      0.254714  0.379039  0.050240  3.517654e-02  0.280831
8      0.066554  0.755673  0.007534  7.431359e-02  0.095924
9      0.245941  0.346527  0.017978  1.847903e-01  0.204764
10     0.136183  0.127364  0.029292  3.494810e-01  0.357680
11     0.311077  0.202040  0.027557  2.141955e-01  0.245130
12     0.187051  0.305609  0.012177  3.438866e-01  0.151276
13     0.205628  0.364899  0.041702  2.558702e-01  0.131900
14     0.362663  0.272801  0.065395  2.098464e-01  0.089294
15     0.572893  0.309551  0.011631  5.447544e-02  0.051450
16     0.238318  0.395940  0.011461  4.271385e-02  0.311567
17     0.203258  0.421075  0.007655  9.614915e-02  0.271863
18     0.242677  0.359783  0.013463  1.286883e-01  0.255389
19     0.216887  0.369848  0.070058  1.113987e-01  0.231809
20     0.051553  0.294259  0.082654  7.825720e-02  0.493277
21     0.041053  0.116877  0.073137  2.915469e-02  0.739778
22     0.017103  0.051243  0.030383  2.857188e-03  0.898414
23     0.033387  0.074055  0.044196  6.689253e-03  0.841673
24     0.019384  0.039650  0.024761  2.844589e-03  0.913360
25     0.023997  0.053556  0.009301  7.408514e-03  0.905738
