             N1        N2        N3         R         W
epoch                                                  
0      0.021574  0.014190  0.001211  0.000048  0.962978
1      0.018805  0.180079  0.137400  0.000370  0.663345
2      0.062223  0.079766  0.276660  0.001717  0.579634
3      0.036793  0.369663  0.224681  0.006721  0.362141
4      0.176904  0.279308  0.029622  0.005248  0.508917
5      0.119273  0.384163  0.002493  0.022635  0.471437
6      0.136281  0.261299  0.028337  0.074673  0.499410
7      0.095418  0.043752  0.021661  0.599453  0.239716
8      0.133986  0.089132  0.246924  0.365504  0.164455
9      0.549382  0.079803  0.085692  0.112946  0.172177
             N1        N2        N3             R         W
epoch                                                      
0      0.034039  0.032852  0.001992  2.257000e-30  0.931117
1      0.042940  0.497409  0.172834  1.383985e-04  0.286678
2      0.071660  0.163295  0.049051  3.144099e-04  0.715680
3      0.084176  0.305671  0.025584  3.246568e-03  0.581323
4      0.100734  0.203036  0.035552  2.092858e-03  0.658585
5      0.114088  0.416457  0.010362  5.189957e-02  0.407193
6      0.121939  0.243189  0.068631  4.330272e-02  0.522938
7      0.182931  0.120506  0.111311  1.708843e-01  0.414368
8      0.082614  0.200044  0.217691  1.941755e-01  0.305475
9      0.233578  0.253097  0.044555  2.179389e-01  0.250831
10     0.331314  0.055876  0.042584  3.271400e-01  0.243086
             N1        N2        N3             R         W
epoch                                                      
0      0.022331  0.041761  0.002566  3.791208e-30  0.933341
1      0.016183  0.621529  0.006321  1.075683e-04  0.355859
2      0.058522  0.076090  0.011814  2.832201e-04  0.853290
3      0.092699  0.346285  0.022205  1.080170e-02  0.528009
4      0.070545  0.149250  0.027660  6.980957e-03  0.745564
5      0.086577  0.412306  0.043171  4.713702e-02  0.410809
6      0.134749  0.276418  0.042584  5.005615e-02  0.496193
7      0.119374  0.140890  0.021133  7.263925e-02  0.645964
8      0.038355  0.136391  0.102498  3.172240e-01  0.405532
9      0.196949  0.128536  0.243781  2.659899e-01  0.164743
10     0.255939  0.058145  0.004390  5.543778e-01  0.127148
11     0.600279  0.054411  0.000764  2.044414e-01  0.140104
             N1        N2        N3             R         W
epoch                                                      
0      0.017365  0.039748  0.003022  4.657694e-30  0.939865
1      0.021842  0.592712  0.008776  1.576238e-04  0.376512
2      0.047163  0.050272  0.008043  1.564072e-04  0.894366
3      0.051842  0.232731  0.013726  4.462663e-03  0.697238
4      0.054464  0.139002  0.019583  7.921642e-03  0.779029
5      0.073405  0.418262  0.020392  5.019067e-02  0.437750
6      0.172786  0.322829  0.062553  5.130478e-02  0.390527
7      0.116443  0.144325  0.052001  4.056962e-02  0.646661
8      0.045249  0.145166  0.029355  4.981650e-01  0.282065
9      0.117255  0.264025  0.018291  4.036110e-01  0.196818
10     0.114112  0.089391  0.024348  5.531866e-01  0.218963
11     0.149577  0.140475  0.007865  6.333862e-01  0.068697
12     0.785350  0.092762  0.002838  6.698333e-02  0.052067
             N1        N2        N3             R         W
epoch                                                      
0      0.012546  0.008531  0.001833  1.175586e-30  0.977089
1      0.009786  0.057907  0.019737  8.902712e-05  0.912481
2      0.052626  0.037301  0.005908  2.176531e-04  0.903948
3      0.056630  0.225068  0.016160  1.724298e-03  0.700418
4      0.055299  0.087404  0.316518  2.819960e-03  0.537960
5      0.038378  0.357276  0.011454  1.517017e-02  0.577722
6      0.069749  0.411878  0.052557  2.099691e-02  0.444820
7      0.097551  0.337463  0.078522  2.147696e-02  0.464988
8      0.060097  0.154000  0.033815  2.702731e-01  0.481815
9      0.094061  0.361579  0.017886  3.042062e-01  0.222268
10     0.140811  0.064302  0.016373  5.871053e-01  0.191408
11     0.309219  0.340296  0.011475  2.531296e-01  0.085880
12     0.679476  0.188868  0.005521  6.283092e-02  0.063304
13     0.609933  0.109180  0.064112  4.724919e-02  0.169525
             N1        N2        N3             R         W
epoch                                                      
0      0.014997  0.008434  0.001437  9.604613e-31  0.975132
1      0.010819  0.100612  0.027935  8.219378e-05  0.860552
2      0.020954  0.016074  0.019081  6.094919e-05  0.943831
3      0.039770  0.200302  0.021302  1.352613e-03  0.737274
4      0.051928  0.084841  0.137592  2.054593e-03  0.723585
5      0.026288  0.475410  0.011734  3.472262e-02  0.451845
6      0.064587  0.567258  0.063429  1.363388e-02  0.291092
7      0.180751  0.248813  0.143888  3.262654e-02  0.393921
8      0.088944  0.228602  0.071401  9.775641e-02  0.513297
9      0.104821  0.425939  0.010623  2.734792e-01  0.185137
10     0.176559  0.130779  0.012663  3.815508e-01  0.298448
11     0.219518  0.478629  0.021804  1.636996e-01  0.116349
12     0.615585  0.211820  0.008772  6.140246e-02  0.102420
13     0.513296  0.170922  0.109596  2.604752e-02  0.180139
14     0.227869  0.165387  0.065152  5.587789e-02  0.485713
             N1        N2        N3             R         W
epoch                                                      
0      0.022049  0.005061  0.001451  2.378264e-30  0.971439
1      0.011783  0.070665  0.010531  9.483005e-05  0.906926
2      0.012708  0.021036  0.007586  5.063713e-05  0.958620
3      0.024251  0.384823  0.009733  8.238745e-04  0.580369
4      0.042237  0.088527  0.112810  3.903837e-03  0.752522
5      0.036479  0.422733  0.014390  4.400771e-02  0.482391
6      0.062856  0.531913  0.052960  1.802293e-02  0.334248
7      0.093201  0.201853  0.028053  1.956918e-02  0.657323
8      0.111372  0.261892  0.032464  6.092680e-02  0.533345
9      0.150077  0.328794  0.034876  2.319496e-01  0.254303
10     0.473919  0.205456  0.006935  1.250877e-01  0.188602
11     0.524152  0.275411  0.010403  6.392285e-02  0.126111
12     0.383500  0.303095  0.011958  7.851507e-02  0.222932
13     0.214303  0.429418  0.028496  5.285356e-02  0.274930
14     0.404430  0.177006  0.013600  4.464439e-02  0.360319
15     0.227135  0.276120  0.086957  9.757128e-02  0.312216
             N1        N2        N3             R         W
epoch                                                      
0      0.012452  0.002218  0.000719  1.228851e-30  0.984612
1      0.002851  0.029257  0.006722  5.205050e-05  0.961118
2      0.006983  0.028889  0.002367  5.506642e-05  0.961706
3      0.015032  0.379967  0.010674  1.234987e-03  0.593092
4      0.043810  0.070950  0.113633  1.467435e-03  0.770141
5      0.033632  0.310104  0.050005  4.954997e-02  0.556709
6      0.055266  0.516465  0.050898  1.859234e-02  0.358779
7      0.094937  0.294611  0.005643  2.255716e-02  0.582252
8      0.120982  0.243033  0.069511  5.671716e-02  0.509756
9      0.198508  0.408458  0.100391  1.163687e-01  0.176273
10     0.179413  0.248855  0.119844  2.691454e-01  0.182743
11     0.311179  0.403810  0.026069  1.708664e-01  0.088075
12     0.418081  0.336211  0.009842  5.363093e-02  0.182236
13     0.324279  0.205113  0.051026  4.659104e-02  0.372991
14     0.267144  0.232072  0.016482  7.644763e-02  0.407855
15     0.185015  0.322431  0.021815  7.937349e-02  0.391366
16     0.367096  0.210915  0.006045  2.610305e-02  0.389841
             N1        N2        N3             R         W
epoch                                                      
0      0.002424  0.000583  0.000200  3.510102e-31  0.996793
1      0.001326  0.007604  0.001991  2.265453e-05  0.989056
2      0.005879  0.028308  0.001485  3.073953e-05  0.964297
3      0.017427  0.315879  0.006536  5.275858e-04  0.659631
4      0.049400  0.055885  0.264861  1.162976e-03  0.628691
5      0.035466  0.296790  0.065049  6.471336e-02  0.537981
6      0.040235  0.420870  0.036582  3.442146e-02  0.467893
7      0.137925  0.314309  0.007119  3.442626e-02  0.506221
8      0.124214  0.303211  0.008823  4.975963e-02  0.513992
9      0.178355  0.394639  0.101318  1.177402e-01  0.207948
10     0.163359  0.286596  0.178178  2.040741e-01  0.167792
11     0.256803  0.457288  0.015209  1.683822e-01  0.102318
12     0.443946  0.250834  0.002502  7.896427e-02  0.223753
13     0.292479  0.184799  0.029638  7.476901e-02  0.418315
14     0.292106  0.188359  0.020302  1.330292e-01  0.366203
15     0.211730  0.284784  0.029370  1.154165e-01  0.358699
16     0.409410  0.221122  0.010615  1.081599e-01  0.250694
17     0.065698  0.257407  0.052270  1.089914e-01  0.515633
             N1        N2        N3             R         W
epoch                                                      
0      0.000462  0.000595  0.000217  3.136962e-31  0.998726
1      0.002145  0.007296  0.003155  3.486393e-05  0.987369
2      0.004371  0.017814  0.001133  1.926510e-05  0.976663
3      0.016686  0.282369  0.012511  3.193696e-04  0.688114
4      0.031196  0.036621  0.417065  6.949540e-04  0.514424
5      0.031910  0.213760  0.066579  6.155662e-02  0.626194
6      0.047296  0.319065  0.039639  2.314055e-02  0.570859
7      0.119118  0.337279  0.005932  3.693928e-02  0.500731
8      0.107436  0.256250  0.007309  4.007067e-02  0.588934
9      0.202632  0.363396  0.095775  6.936376e-02  0.268834
10     0.170039  0.334505  0.165345  1.645183e-01  0.165593
11     0.178406  0.432011  0.182671  1.215518e-01  0.085360
12     0.390023  0.250422  0.025054  6.589427e-02  0.268607
13     0.458955  0.183719  0.021521  2.988937e-02  0.305916
14     0.210289  0.236980  0.016661  1.724077e-01  0.363662
15     0.112017  0.464556  0.040288  1.003019e-01  0.282837
16     0.418866  0.183538  0.005995  7.030236e-02  0.321299
17     0.160367  0.273451  0.011936  2.313741e-01  0.322871
18     0.047945  0.377649  0.002482  2.593214e-02  0.545992
             N1        N2        N3             R         W
epoch                                                      
0      0.003405  0.001151  0.000672  8.271789e-31  0.994772
1      0.002969  0.007185  0.003355  4.034946e-05  0.986451
2      0.004356  0.019977  0.001158  1.267515e-05  0.974497
3      0.018566  0.266776  0.013580  3.774026e-04  0.700701
4      0.048269  0.065611  0.387084  1.057549e-03  0.497979
5      0.032703  0.296566  0.007066  6.574975e-02  0.597916
6      0.053746  0.330847  0.047304  2.271872e-02  0.545384
7      0.115991  0.319707  0.004365  4.787170e-02  0.512066
8      0.086181  0.327380  0.009545  7.019349e-02  0.506701
9      0.121929  0.448474  0.116768  1.027500e-01  0.210079
10     0.110903  0.095277  0.188184  5.636509e-01  0.041985
11     0.132356  0.362413  0.287946  1.704255e-01  0.046860
12     0.357076  0.327905  0.029721  7.587710e-02  0.209421
13     0.522911  0.213923  0.017209  3.562726e-02  0.210329
14     0.215645  0.309489  0.019524  9.767845e-02  0.357663
15     0.094015  0.395587  0.078271  1.251050e-01  0.307023
16     0.447818  0.163657  0.012292  9.381328e-02  0.282420
17     0.217830  0.345369  0.003835  2.133950e-01  0.219572
18     0.058527  0.332912  0.003531  2.891754e-02  0.576113
19     0.036991  0.187031  0.001129  2.540122e-02  0.749447
             N1        N2        N3             R         W
epoch                                                      
0      0.016354  0.005400  0.001444  2.852717e-30  0.976802
1      0.012392  0.014672  0.006480  5.795079e-05  0.966398
2      0.007000  0.008669  0.001965  1.775329e-05  0.982348
3      0.012863  0.264068  0.009307  3.389963e-04  0.713423
4      0.037450  0.069564  0.340115  1.556938e-03  0.551314
5      0.053225  0.385614  0.011021  2.680407e-02  0.523336
6      0.044983  0.350355  0.031294  2.964587e-02  0.543722
7      0.141539  0.371224  0.005611  3.503860e-02  0.446587
8      0.091484  0.268037  0.008455  1.589204e-01  0.473104
9      0.144321  0.446917  0.009173  1.814273e-01  0.218162
10     0.361586  0.223317  0.319536  3.485817e-02  0.060702
11     0.213700  0.244275  0.138102  3.703219e-01  0.033601
12     0.361484  0.382126  0.059882  8.383228e-02  0.112675
13     0.563311  0.240172  0.014657  3.250652e-02  0.149354
14     0.380130  0.251725  0.011833  8.692763e-02  0.269384
15     0.166535  0.422724  0.060844  1.008310e-01  0.249066
16     0.154445  0.260868  0.006349  1.170108e-01  0.461328
17     0.250098  0.360295  0.005372  9.982371e-02  0.284411
18     0.047486  0.383866  0.001598  1.222546e-02  0.554825
19     0.088983  0.200115  0.001488  2.716743e-02  0.682246
20     0.027815  0.138626  0.109631  2.219257e-02  0.701736
             N1        N2        N3             R         W
epoch                                                      
0      0.017165  0.021047  0.001778  2.260486e-30  0.960010
1      0.012065  0.051403  0.006250  6.505364e-05  0.930217
2      0.008026  0.011167  0.002589  1.997546e-05  0.978198
3      0.017958  0.096206  0.010948  3.533426e-04  0.874535
4      0.033506  0.064884  0.254334  1.375210e-03  0.645901
5      0.048569  0.364413  0.010996  1.655571e-02  0.559466
6      0.039918  0.307777  0.018295  2.155850e-02  0.612452
7      0.123515  0.340639  0.004553  3.728958e-02  0.494004
8      0.113325  0.285391  0.010699  1.162755e-01  0.474308
9      0.138746  0.502844  0.010020  1.468166e-01  0.201573
10     0.325001  0.214224  0.264922  1.149431e-01  0.080910
11     0.094898  0.123093  0.102178  6.662876e-01  0.013544
12     0.372640  0.365685  0.065971  6.180989e-02  0.133894
13     0.603113  0.241244  0.011970  2.720807e-02  0.116465
14     0.367249  0.257704  0.016344  8.953936e-02  0.269163
15     0.124399  0.443205  0.065878  1.289258e-01  0.237593
16     0.274435  0.247791  0.009251  8.990452e-02  0.378619
17     0.218019  0.336083  0.009026  1.838070e-01  0.253065
18     0.069005  0.367178  0.003078  1.708518e-02  0.543654
19     0.075563  0.263445  0.004826  2.174297e-02  0.634424
20     0.068710  0.185715  0.008806  2.591978e-02  0.710849
21     0.060000  0.205140  0.002213  5.878271e-02  0.673864
             N1        N2        N3             R         W
epoch                                                      
0      0.016195  0.022010  0.003206  3.738561e-30  0.958588
1      0.007358  0.044284  0.002996  3.709151e-05  0.945325
2      0.011844  0.012207  0.002712  1.745426e-05  0.973219
3      0.016408  0.290553  0.006389  2.186006e-04  0.686431
4      0.038371  0.055633  0.291826  1.470530e-03  0.612699
5      0.046333  0.335070  0.010485  1.853575e-02  0.589576
6      0.033819  0.287271  0.018139  1.536783e-02  0.645404
7      0.092718  0.224947  0.003154  2.870697e-02  0.650474
8      0.078479  0.419326  0.014336  5.792319e-02  0.429936
9      0.277470  0.419351  0.012833  1.194757e-01  0.170870
10     0.411195  0.414302  0.021609  3.061111e-02  0.122284
11     0.442277  0.339269  0.131225  4.262619e-02  0.044603
12     0.413662  0.316903  0.079201  3.491823e-02  0.155316
13     0.539816  0.251019  0.021555  2.934509e-02  0.158264
14     0.334558  0.276371  0.016110  1.161633e-01  0.256798
15     0.191461  0.429760  0.067491  1.193213e-01  0.191966
16     0.432791  0.188829  0.007490  6.611893e-02  0.304771
17     0.332705  0.273343  0.008558  1.261354e-01  0.259259
18     0.091198  0.311008  0.003207  2.392783e-02  0.570660
19     0.081841  0.333226  0.002964  2.282543e-02  0.559144
20     0.040987  0.217222  0.009086  1.561826e-02  0.717087
21     0.053744  0.214573  0.019128  5.045311e-02  0.662102
22     0.035156  0.121815  0.004617  1.899936e-02  0.819412
             N1        N2        N3             R         W
epoch                                                      
0      0.007502  0.019187  0.002368  2.841544e-30  0.970942
1      0.006066  0.037687  0.001037  2.335501e-05  0.955186
2      0.011756  0.010973  0.002809  3.122946e-05  0.974431
3      0.017122  0.234897  0.008936  2.150840e-04  0.738830
4      0.025792  0.049391  0.050888  1.222682e-03  0.872707
5      0.051184  0.280963  0.013394  1.335351e-02  0.641106
6      0.032053  0.264284  0.014682  2.135594e-02  0.667626
7      0.088324  0.282098  0.002983  5.336688e-02  0.573228
8      0.070186  0.404839  0.011923  5.978343e-02  0.453269
9      0.272406  0.331301  0.014224  2.275734e-01  0.154495
10     0.421482  0.379208  0.033412  4.318760e-02  0.122711
11     0.387755  0.348613  0.184488  1.971461e-02  0.059430
12     0.374883  0.348706  0.127936  3.008710e-02  0.118388
13     0.594013  0.206013  0.017527  4.810387e-02  0.134343
14     0.328138  0.206838  0.014288  1.593812e-01  0.291354
15     0.217743  0.361422  0.074637  1.656844e-01  0.180514
16     0.392831  0.206828  0.009267  7.899609e-02  0.312078
17     0.156941  0.396162  0.003237  1.634100e-01  0.280250
18     0.091869  0.319727  0.003248  3.228757e-02  0.552868
19     0.079577  0.414211  0.005591  1.918768e-02  0.481433
20     0.052533  0.277552  0.004280  1.542149e-02  0.650213
21     0.086344  0.322543  0.009704  6.309872e-02  0.518311
22     0.086026  0.206664  0.011058  7.615304e-03  0.688637
23     0.038205  0.281223  0.025908  2.714393e-02  0.627519
             N1        N2        N3             R         W
epoch                                                      
0      0.011029  0.009938  0.000943  2.495093e-30  0.978091
1      0.015998  0.092617  0.001054  3.923096e-05  0.890293
2      0.008198  0.008332  0.001879  3.054490e-05  0.981560
3      0.005629  0.132815  0.006666  3.533780e-04  0.854536
4      0.024818  0.032592  0.038601  5.975208e-04  0.903392
5      0.068220  0.190489  0.014828  1.430294e-02  0.712159
6      0.017742  0.122491  0.012125  4.051112e-03  0.843591
7      0.108326  0.123486  0.003611  2.214856e-02  0.742428
8      0.098736  0.155224  0.005207  1.564440e-02  0.725189
9      0.151015  0.350755  0.014771  2.492880e-01  0.234171
10     0.410116  0.255959  0.064949  9.297249e-02  0.176004
11     0.423243  0.383339  0.029079  9.084582e-02  0.073493
12     0.319176  0.334838  0.020115  2.090998e-01  0.116771
13     0.460834  0.276509  0.023170  1.184982e-01  0.120989
14     0.236570  0.259478  0.029150  2.192776e-01  0.255524
15     0.197293  0.343478  0.057107  1.809837e-01  0.221137
16     0.620076  0.159972  0.003192  6.113461e-02  0.155625
17     0.506868  0.192425  0.002026  1.129032e-01  0.185778
18     0.111409  0.353470  0.002627  2.268827e-02  0.509806
19     0.088846  0.246565  0.002959  4.315685e-03  0.657315
20     0.079159  0.195061  0.002097  6.426725e-03  0.717256
21     0.132065  0.375636  0.003342  1.659534e-02  0.472362
22     0.086362  0.181817  0.003654  8.611064e-03  0.719555
23     0.134829  0.247108  0.020578  6.310429e-02  0.534381
24     0.095501  0.254461  0.012092  3.843263e-02  0.599514
             N1        N2        N3             R         W
epoch                                                      
0      0.000849  0.003248  0.000419  6.173095e-31  0.995483
1      0.002838  0.049176  0.001472  8.217117e-05  0.946432
2      0.003879  0.002902  0.001030  2.265524e-05  0.992165
3      0.005968  0.061427  0.007671  1.695327e-04  0.924765
4      0.007591  0.014133  0.008630  1.508363e-04  0.969495
5      0.056754  0.131577  0.012964  8.286504e-03  0.790420
6      0.020280  0.112439  0.019581  3.682429e-03  0.844018
7      0.119934  0.206051  0.010362  2.423482e-02  0.639418
8      0.085795  0.306856  0.004514  9.658902e-03  0.593176
9      0.165807  0.470339  0.008644  7.501911e-02  0.280192
10     0.434198  0.181626  0.031759  2.583384e-01  0.094079
11     0.282825  0.299942  0.023927  3.438476e-01  0.049459
12     0.278560  0.270400  0.013941  3.535404e-01  0.083558
13     0.508608  0.255273  0.014434  7.706884e-02  0.144617
14     0.384684  0.175034  0.062378  1.136747e-01  0.264229
15     0.210115  0.312257  0.036848  2.277982e-01  0.212983
16     0.204297  0.227161  0.006411  1.225083e-01  0.439622
17     0.290175  0.367804  0.001970  1.498408e-01  0.190211
18     0.125728  0.274138  0.002607  1.426897e-02  0.583258
19     0.176869  0.389298  0.002298  7.606679e-03  0.423929
20     0.118944  0.155749  0.002413  1.489930e-02  0.707995
21     0.227980  0.317850  0.002210  9.735684e-02  0.354604
22     0.090286  0.327818  0.001731  2.555584e-02  0.554609
23     0.167495  0.511951  0.058667  4.556995e-02  0.216317
24     0.057796  0.421336  0.036125  3.353369e-02  0.451210
25     0.097120  0.189335  0.071554  6.379892e-03  0.635611
             N1        N2        N3             R         W
epoch                                                      
0      0.001446  0.004417  0.000678  6.522583e-31  0.993459
1      0.002450  0.049393  0.001189  4.457314e-05  0.946924
2      0.002939  0.003715  0.001156  1.953292e-05  0.992170
3      0.006097  0.085523  0.013734  1.507024e-04  0.894496
4      0.010117  0.022778  0.015883  1.236988e-04  0.951098
5      0.035273  0.137568  0.013132  7.817040e-03  0.806210
6      0.022140  0.131810  0.020752  2.238573e-03  0.823060
7      0.085009  0.213313  0.010525  1.318161e-02  0.677972
8      0.062742  0.291953  0.004919  8.232947e-03  0.632153
9      0.155152  0.501726  0.014822  5.955411e-02  0.268746
10     0.387355  0.257169  0.044924  1.953838e-01  0.115168
11     0.264393  0.310206  0.029436  3.495018e-01  0.046463
12     0.254474  0.199199  0.009234  4.504145e-01  0.086679
13     0.350051  0.215889  0.014413  2.948120e-01  0.124836
14     0.216229  0.199343  0.111140  1.290154e-01  0.344272
15     0.168698  0.297336  0.036493  2.877717e-01  0.209702
16     0.526318  0.178141  0.005937  7.822603e-02  0.211377
17     0.294304  0.416431  0.001752  1.088092e-01  0.178704
18     0.197034  0.315012  0.002274  2.184429e-02  0.463836
19     0.174704  0.399706  0.003017  8.524100e-03  0.414048
20     0.158661  0.272962  0.005418  1.563036e-02  0.547329
21     0.311696  0.340163  0.003008  7.465694e-02  0.270475
22     0.117703  0.283814  0.000933  3.627787e-02  0.561272
23     0.159427  0.569620  0.004561  3.730122e-02  0.229091
24     0.085317  0.504069  0.020307  6.030902e-02  0.329998
25     0.059007  0.240910  0.080958  1.720857e-02  0.601917
26     0.091515  0.161417  0.055267  7.276951e-02  0.619032
             N1        N2        N3             R         W
epoch                                                      
0      0.001584  0.006095  0.000887  9.847009e-31  0.991435
1      0.003287  0.067425  0.001193  7.385065e-05  0.928021
2      0.003619  0.003539  0.001323  1.007578e-05  0.991509
3      0.004873  0.028148  0.018906  2.776095e-04  0.947795
4      0.008128  0.015652  0.011664  8.083030e-05  0.964474
5      0.028024  0.137825  0.013844  4.862107e-03  0.815445
6      0.017216  0.105004  0.021315  2.252484e-03  0.854213
7      0.085596  0.261415  0.017354  7.398203e-03  0.628237
8      0.089515  0.251390  0.007010  1.243714e-02  0.639649
9      0.123419  0.486005  0.010545  1.230095e-01  0.257021
10     0.344672  0.270489  0.032909  2.504758e-01  0.101455
11     0.246559  0.226070  0.020939  4.618980e-01  0.044533
12     0.190831  0.186371  0.004899  5.537090e-01  0.064191
13     0.336491  0.119987  0.044132  3.337515e-01  0.165639
14     0.225063  0.205797  0.020502  2.128040e-01  0.335834
15     0.175461  0.270332  0.039666  2.567718e-01  0.257769
16     0.252040  0.269946  0.009402  1.519442e-01  0.316668
17     0.306430  0.416309  0.002979  9.082824e-02  0.183453
18     0.227826  0.220984  0.001781  1.395725e-02  0.535452
19     0.162095  0.414655  0.002856  8.348676e-03  0.412045
20     0.135862  0.281410  0.003611  2.608243e-02  0.553034
21     0.222116  0.360164  0.004926  6.297710e-02  0.349817
22     0.122229  0.202429  0.001054  4.939462e-02  0.624894
23     0.160839  0.581580  0.006759  4.996714e-02  0.200855
24     0.100765  0.431439  0.013203  3.892598e-02  0.415668
25     0.057816  0.292928  0.033567  6.963282e-02  0.546057
26     0.149009  0.261802  0.011203  1.968994e-01  0.381086
27     0.252672  0.245766  0.002037  3.215933e-01  0.177931
             N1        N2        N3             R         W
epoch                                                      
0      0.001527  0.001439  0.000684  9.635095e-31  0.996350
1      0.003145  0.009628  0.001490  6.363629e-05  0.985673
2      0.004181  0.004704  0.001236  1.530120e-05  0.989864
3      0.004504  0.130796  0.019321  3.853246e-04  0.844993
4      0.010615  0.019778  0.015684  1.299307e-04  0.953793
5      0.019071  0.125392  0.012120  3.575986e-03  0.839841
6      0.018345  0.140331  0.014929  1.910217e-03  0.824485
7      0.086619  0.288343  0.014999  5.490861e-03  0.604548
8      0.061253  0.193181  0.006134  9.310442e-03  0.730122
9      0.150932  0.467723  0.012477  1.258997e-01  0.242969
10     0.267781  0.347912  0.032999  2.790196e-01  0.072288
11     0.183755  0.217487  0.067549  4.990059e-01  0.032203
12     0.208508  0.155630  0.004949  5.690761e-01  0.061837
13     0.168554  0.099576  0.065366  5.510367e-01  0.115468
14     0.304235  0.143783  0.017462  3.356408e-01  0.198880
15     0.193967  0.280672  0.014449  2.900423e-01  0.220870
16     0.192874  0.283093  0.005408  1.650267e-01  0.353599
17     0.421321  0.372371  0.002678  4.142630e-02  0.162204
18     0.231210  0.280967  0.001537  9.280080e-03  0.477006
19     0.204556  0.367784  0.001359  3.654679e-03  0.422646
20     0.111498  0.258867  0.001891  1.352627e-02  0.614218
21     0.161999  0.348095  0.004302  3.845298e-02  0.447151
22     0.123621  0.205610  0.000830  3.960914e-02  0.630330
23     0.180974  0.493599  0.006439  5.266970e-02  0.266319
24     0.135999  0.386830  0.009716  4.494078e-02  0.422514
25     0.100274  0.260970  0.026567  2.855870e-02  0.583630
26     0.175782  0.285004  0.004354  7.283729e-02  0.462022
27     0.381075  0.307079  0.002510  1.372218e-01  0.172114
28     0.216265  0.098592  0.014234  1.579383e-01  0.512971
             N1        N2        N3             R         W
epoch                                                      
0      0.000993  0.000929  0.000702  8.583603e-31  0.997376
1      0.002296  0.005966  0.001201  5.814019e-05  0.990479
2      0.003902  0.003383  0.001509  1.483201e-05  0.991191
3      0.005983  0.079416  0.013358  1.558907e-04  0.901087
4      0.008071  0.019915  0.016390  1.056626e-04  0.955519
5      0.020795  0.112610  0.027174  4.025856e-03  0.835395
6      0.013406  0.103662  0.019739  1.511444e-03  0.861682
7      0.092702  0.313779  0.022145  7.611365e-03  0.563762
8      0.063820  0.177770  0.006746  2.538571e-02  0.726278
9      0.118379  0.326694  0.008300  2.416379e-01  0.304989
10     0.320550  0.271007  0.028523  2.519185e-01  0.128001
11     0.296831  0.137894  0.071404  4.507620e-01  0.043109
12     0.223913  0.143621  0.005411  5.642821e-01  0.062773
13     0.384016  0.131873  0.068441  3.139006e-01  0.101768
14     0.250955  0.100944  0.018115  4.548670e-01  0.175119
15     0.228163  0.276787  0.045004  2.396103e-01  0.210436
16     0.178943  0.302550  0.009007  1.235764e-01  0.385924
17     0.414249  0.300260  0.001859  8.873831e-02  0.194893
18     0.236050  0.288570  0.001131  3.786988e-02  0.436379
19     0.169014  0.380374  0.001974  8.082206e-03  0.440556
20     0.096560  0.255577  0.003062  1.781606e-02  0.626984
21     0.166484  0.384578  0.009128  6.659553e-02  0.373214
22     0.142931  0.169675  0.000787  7.758185e-02  0.609025
23     0.140748  0.467570  0.004995  9.022473e-02  0.296462
24     0.115156  0.389045  0.012994  4.885459e-02  0.433951
25     0.107544  0.278029  0.044288  2.978744e-02  0.540351
26     0.178436  0.363031  0.018334  7.053500e-02  0.369664
27     0.324432  0.484900  0.002800  6.417347e-02  0.123695
28     0.112855  0.300234  0.006888  5.188675e-02  0.528136
29     0.188933  0.325888  0.005940  5.751283e-02  0.421727
             N1        N2        N3             R         W
epoch                                                      
0      0.001646  0.000976  0.000845  1.973918e-30  0.996533
1      0.001920  0.004811  0.001281  5.073342e-05  0.991938
2      0.003160  0.015753  0.001943  2.120471e-05  0.979123
3      0.005014  0.073530  0.010415  1.885010e-04  0.910853
4      0.007414  0.018443  0.013790  9.915192e-05  0.960254
5      0.018295  0.104154  0.023355  3.947488e-03  0.850249
6      0.016507  0.111558  0.027617  1.500094e-03  0.842819
7      0.076647  0.395468  0.021302  6.084565e-03  0.500498
8      0.045578  0.170140  0.005004  1.925711e-02  0.760021
9      0.078510  0.257673  0.008722  2.725152e-01  0.382580
10     0.244674  0.173806  0.175548  3.040063e-01  0.101965
11     0.238131  0.152779  0.093221  4.651373e-01  0.050732
12     0.208086  0.291540  0.011801  4.228429e-01  0.065730
13     0.420586  0.173409  0.083259  2.562834e-01  0.066462
14     0.255199  0.142103  0.021485  3.920547e-01  0.189158
15     0.199736  0.169999  0.038068  4.745642e-01  0.117633
16     0.268376  0.330525  0.010281  6.739897e-02  0.323420
17     0.440536  0.294504  0.001469  1.318291e-01  0.131662
18     0.316631  0.293419  0.001304  4.199106e-02  0.346655
19     0.183910  0.355443  0.002958  9.812709e-03  0.447877
20     0.116972  0.221997  0.002915  1.443451e-02  0.643681
21     0.185800  0.341721  0.004176  4.762475e-02  0.420678
22     0.156113  0.189258  0.001206  7.892196e-02  0.574500
23     0.197941  0.540019  0.004748  5.027258e-02  0.207020
24     0.097991  0.459417  0.016007  4.703008e-02  0.379555
25     0.117558  0.248784  0.043881  2.633787e-02  0.563438
26     0.211079  0.350498  0.006484  7.328233e-02  0.358657
27     0.262136  0.430347  0.003996  1.437680e-01  0.159753
28     0.135536  0.202494  0.003648  5.990662e-02  0.598415
29     0.256380  0.203424  0.002699  7.399957e-02  0.463497
30     0.079906  0.138427  0.005501  7.638849e-02  0.699778
             N1        N2        N3             R         W
epoch                                                      
0      0.000851  0.001269  0.000726  1.073398e-30  0.997154
1      0.002128  0.004794  0.001548  5.070010e-05  0.991479
2      0.002725  0.013139  0.002553  2.938995e-05  0.981553
3      0.005438  0.075183  0.010498  1.183137e-04  0.908763
4      0.004794  0.015737  0.012963  7.962325e-05  0.966426
5      0.016960  0.122204  0.009813  5.045018e-03  0.845978
6      0.018092  0.106015  0.017312  1.322836e-03  0.857258
7      0.102990  0.349343  0.013427  9.089373e-03  0.525151
8      0.037302  0.160465  0.003008  7.286000e-03  0.791939
9      0.089084  0.245735  0.006209  3.879554e-01  0.271017
10     0.316542  0.224457  0.048874  2.794244e-01  0.130702
11     0.247370  0.190000  0.021453  4.858844e-01  0.055293
12     0.270025  0.169926  0.004185  4.739800e-01  0.081883
13     0.455867  0.167127  0.076392  2.200531e-01  0.080561
14     0.156596  0.141915  0.102545  4.658043e-01  0.133140
15     0.127542  0.162370  0.030610  5.663269e-01  0.113151
16     0.225973  0.249393  0.006283  1.720545e-01  0.346296
17     0.210425  0.377374  0.001584  2.297302e-01  0.180887
18     0.186440  0.357872  0.002101  6.150924e-02  0.392079
19     0.178106  0.391665  0.001996  1.169343e-02  0.416541
20     0.121094  0.284801  0.002898  2.288864e-02  0.568318
21     0.169906  0.415860  0.006045  4.791917e-02  0.360270
22     0.161405  0.211696  0.002807  1.057551e-01  0.518337
23     0.177036  0.481852  0.004471  6.139136e-02  0.275249
24     0.103752  0.406137  0.017958  9.663461e-02  0.375519
25     0.076517  0.269262  0.044112  2.588254e-02  0.584226
26     0.204803  0.397424  0.004029  7.934925e-02  0.314395
27     0.148244  0.492913  0.007985  2.472865e-01  0.103572
28     0.093524  0.330672  0.009165  1.722906e-01  0.394348
29     0.124319  0.274726  0.005534  1.423259e-01  0.453096
30     0.083860  0.130711  0.008215  1.447198e-01  0.632495
31     0.092652  0.047843  0.526065  1.476836e-02  0.318671
             N1        N2        N3             R         W
epoch                                                      
0      0.000664  0.004427  0.000863  9.740777e-31  0.994046
1      0.004044  0.018218  0.001515  5.500315e-05  0.976169
2      0.004228  0.002946  0.002435  1.284886e-05  0.990377
3      0.004346  0.068185  0.010809  1.355581e-04  0.916524
4      0.006294  0.017404  0.013136  1.421486e-04  0.963024
5      0.017468  0.133732  0.009990  5.611077e-03  0.833199
6      0.023127  0.161770  0.022933  2.447606e-03  0.789723
7      0.097780  0.346477  0.013623  1.382794e-02  0.528293
8      0.035252  0.127742  0.003260  5.138803e-03  0.828608
9      0.099522  0.209703  0.006540  4.005711e-01  0.283664
10     0.296151  0.305715  0.020103  2.569185e-01  0.121113
11     0.328339  0.230637  0.018450  3.736091e-01  0.048964
12     0.228078  0.141219  0.006248  5.397786e-01  0.084675
13     0.481743  0.155167  0.087501  1.952380e-01  0.080352
14     0.193772  0.156765  0.032784  4.853937e-01  0.131285
15     0.072298  0.115044  0.011960  7.258455e-01  0.074853
16     0.147011  0.208259  0.011097  4.543394e-01  0.179292
17     0.193704  0.433386  0.001673  1.752510e-01  0.195987
18     0.154983  0.398896  0.002461  5.314385e-02  0.390516
19     0.147280  0.404950  0.003438  9.414576e-03  0.434917
20     0.110807  0.240072  0.003662  1.997156e-02  0.625487
21     0.185538  0.444866  0.006793  3.289334e-02  0.329909
22     0.136997  0.224152  0.003127  8.541467e-02  0.550310
23     0.180384  0.494674  0.004957  7.860245e-02  0.241382
24     0.074496  0.286627  0.005103  3.187157e-02  0.601903
25     0.066659  0.228150  0.037386  2.336071e-02  0.644444
26     0.171274  0.388141  0.006357  6.992361e-02  0.364304
27     0.151773  0.635687  0.011320  9.484375e-02  0.106377
28     0.077818  0.307692  0.009796  1.206201e-01  0.484074
29     0.205981  0.326160  0.007265  1.411695e-01  0.319424
30     0.044071  0.249019  0.014994  1.125405e-01  0.579374
31     0.255914  0.174187  0.046828  1.174576e-02  0.511325
32     0.291728  0.212674  0.132037  1.506736e-02  0.348493
