             N1        N2        N3         R         W
epoch                                                  
0      0.198278  0.016923  0.000056  0.017513  0.767230
1      0.141121  0.093867  0.083624  0.179168  0.502220
2      0.079242  0.059104  0.212893  0.071614  0.577146
3      0.139914  0.417518  0.049717  0.058739  0.334113
4      0.036286  0.416785  0.420150  0.095753  0.031026
5      0.333078  0.051058  0.066929  0.025605  0.523330
6      0.027647  0.051432  0.001690  0.005469  0.913761
7      0.001148  0.000300  0.963399  0.000254  0.034898
8      0.043248  0.023810  0.003539  0.095540  0.833863
9      0.044469  0.246410  0.005215  0.001420  0.702485
             N1        N2        N3         R         W
epoch                                                  
0      0.081175  0.014775  0.000005  0.023965  0.880080
1      0.166605  0.165810  0.326886  0.143391  0.197307
2      0.059115  0.069298  0.056174  0.089772  0.725640
3      0.208530  0.243886  0.031476  0.111413  0.404695
4      0.039658  0.686983  0.248817  0.008511  0.016030
5      0.409928  0.115539  0.162580  0.017799  0.294154
6      0.027109  0.107889  0.000928  0.004367  0.859707
7      0.000493  0.000211  0.987771  0.000180  0.011345
8      0.061688  0.026257  0.007199  0.069563  0.835294
9      0.079009  0.168783  0.000628  0.002755  0.748826
10     0.027847  0.200037  0.047450  0.097799  0.626866
             N1        N2        N3         R         W
epoch                                                  
0      0.054799  0.009377  0.000005  0.013660  0.922159
1      0.197115  0.225077  0.133324  0.204096  0.240388
2      0.085950  0.085256  0.065504  0.087991  0.675300
3      0.124621  0.340950  0.063385  0.084807  0.386237
4      0.034540  0.708802  0.233798  0.011242  0.011619
5      0.371389  0.365679  0.094214  0.014696  0.154021
6      0.049480  0.133877  0.001610  0.011704  0.803330
7      0.002950  0.001620  0.957893  0.001390  0.036148
8      0.054971  0.037819  0.010731  0.090624  0.805854
9      0.115311  0.263503  0.000958  0.001863  0.618365
10     0.158042  0.270678  0.009163  0.033313  0.528804
11     0.011739  0.036034  0.001814  0.003222  0.947190
             N1        N2        N3         R         W
epoch                                                  
0      0.021758  0.006144  0.000002  0.003721  0.968375
1      0.257887  0.298525  0.027510  0.189752  0.226326
2      0.130920  0.124883  0.035218  0.068838  0.640142
3      0.189813  0.347487  0.041842  0.066594  0.354264
4      0.016808  0.936956  0.023167  0.007841  0.015228
5      0.050271  0.551836  0.166951  0.029835  0.201107
6      0.052687  0.215534  0.005957  0.007785  0.718038
7      0.002949  0.001574  0.974839  0.000121  0.020517
8      0.064585  0.065825  0.007714  0.058362  0.803514
9      0.178746  0.134947  0.001388  0.003369  0.681550
10     0.177610  0.332352  0.004313  0.038935  0.446790
11     0.032225  0.051279  0.001933  0.001973  0.912589
12     0.034826  0.165155  0.001370  0.048164  0.750486
             N1        N2            N3         R         W
epoch                                                      
0      0.005989  0.004935  1.011426e-07  0.002412  0.986664
1      0.254308  0.225064  2.625872e-02  0.179344  0.315025
2      0.061316  0.058811  7.255440e-03  0.033229  0.839389
3      0.115297  0.303658  3.235715e-02  0.048239  0.500448
4      0.006838  0.667674  3.027861e-01  0.006309  0.016392
5      0.042263  0.514608  2.036519e-01  0.017230  0.222247
6      0.045048  0.236501  2.805757e-03  0.008163  0.707481
7      0.103937  0.045201  3.264949e-03  0.004982  0.842614
8      0.118048  0.083839  9.583597e-03  0.082943  0.705586
9      0.241432  0.145019  9.014824e-04  0.004367  0.608281
10     0.270395  0.487671  5.989127e-03  0.019618  0.216327
11     0.059544  0.071580  1.962835e-03  0.001510  0.865403
12     0.028786  0.191211  7.656508e-04  0.021353  0.757884
13     0.061271  0.307934  9.743946e-04  0.009083  0.620738
             N1        N2            N3         R         W
epoch                                                      
0      0.003678  0.009696  1.926248e-07  0.004442  0.982185
1      0.118484  0.269651  3.724247e-02  0.141977  0.432646
2      0.013791  0.045232  6.941697e-03  0.021879  0.912156
3      0.142365  0.193980  9.692893e-03  0.026589  0.627373
4      0.006795  0.538533  4.252550e-01  0.014017  0.015400
5      0.046531  0.415986  2.410865e-01  0.011681  0.284716
6      0.026997  0.152424  2.496646e-03  0.004254  0.813827
7      0.095165  0.030610  3.419030e-03  0.004898  0.865908
8      0.099132  0.047937  6.007266e-03  0.026784  0.820139
9      0.277552  0.239799  1.200737e-03  0.004511  0.476937
10     0.221979  0.556801  1.196616e-03  0.020397  0.199627
11     0.063286  0.139756  2.286791e-03  0.003021  0.791650
12     0.029360  0.214046  6.904646e-04  0.018373  0.737530
13     0.027917  0.201184  5.495300e-04  0.005974  0.764376
14     0.153530  0.233967  5.298524e-03  0.035127  0.572078
             N1        N2            N3         R         W
epoch                                                      
0      0.002028  0.006815  1.554550e-07  0.005909  0.985247
1      0.135711  0.288392  4.262411e-02  0.057394  0.475879
2      0.007671  0.030481  4.045861e-03  0.022456  0.935347
3      0.111391  0.179415  1.078856e-02  0.033414  0.664992
4      0.006164  0.383753  5.947875e-01  0.003040  0.012255
5      0.044950  0.416593  1.586318e-01  0.007813  0.372012
6      0.025949  0.157941  9.642118e-04  0.005331  0.809814
7      0.069700  0.026595  1.472810e-03  0.003779  0.898453
8      0.108584  0.034363  1.520015e-03  0.013193  0.842340
9      0.331718  0.210783  1.740585e-03  0.007602  0.448157
10     0.192772  0.689913  1.113902e-03  0.015664  0.100538
11     0.051367  0.227438  1.396098e-03  0.005600  0.714199
12     0.040835  0.363023  8.806784e-04  0.023374  0.571887
13     0.017053  0.269385  7.584445e-04  0.012435  0.700368
14     0.119715  0.243785  3.323756e-03  0.035795  0.597381
15     0.181276  0.597589  3.180411e-03  0.050016  0.167938
             N1        N2            N3         R         W
epoch                                                      
0      0.001951  0.007513  2.059272e-07  0.003959  0.986576
1      0.174380  0.322090  6.048933e-02  0.030230  0.412810
2      0.010206  0.028464  5.607105e-03  0.010181  0.945541
3      0.115966  0.176212  8.599721e-03  0.040996  0.658226
4      0.007339  0.348414  6.283581e-01  0.001863  0.014026
5      0.047649  0.260414  2.801137e-01  0.026848  0.384976
6      0.020969  0.134057  1.180795e-03  0.004163  0.839631
7      0.053910  0.024972  1.618990e-03  0.001947  0.917552
8      0.121171  0.026698  1.513228e-03  0.009440  0.841178
9      0.516735  0.175364  1.345933e-03  0.004885  0.301669
10     0.309172  0.586395  2.966234e-02  0.016140  0.058631
11     0.124577  0.256800  4.338331e-03  0.010685  0.603599
12     0.057736  0.367316  1.051822e-03  0.036855  0.537041
13     0.033780  0.332886  1.153295e-03  0.014212  0.617969
14     0.101421  0.361775  3.252689e-03  0.041247  0.492305
15     0.231410  0.551245  1.064980e-02  0.053631  0.153064
16     0.000082  0.000231  9.995636e-01  0.000023  0.000101
             N1        N2        N3         R         W
epoch                                                  
0      0.003993  0.024717  0.005138  0.010809  0.955342
1      0.157713  0.379604  0.053400  0.039889  0.369394
2      0.008292  0.020884  0.003181  0.003809  0.963834
3      0.110575  0.133346  0.009989  0.028905  0.717186
4      0.005832  0.489443  0.488413  0.001142  0.015170
5      0.030156  0.231889  0.286874  0.022567  0.428513
6      0.040441  0.115253  0.000567  0.006076  0.837663
7      0.027803  0.024725  0.000823  0.001597  0.945052
8      0.178620  0.039836  0.002665  0.007811  0.771067
9      0.403298  0.287833  0.001348  0.004508  0.303014
10     0.318596  0.586157  0.001606  0.014069  0.079573
11     0.101038  0.278023  0.004379  0.007786  0.608775
12     0.065115  0.570633  0.001345  0.020014  0.342893
13     0.047897  0.440132  0.001901  0.014568  0.495502
14     0.156687  0.452620  0.002403  0.029661  0.358630
15     0.290486  0.430695  0.004977  0.074692  0.199150
16     0.000808  0.001351  0.997118  0.000089  0.000634
17     0.382664  0.447610  0.002022  0.130430  0.037274
             N1        N2        N3         R         W
epoch                                                  
0      0.002445  0.017667  0.005304  0.005693  0.968891
1      0.039851  0.390301  0.072405  0.020088  0.477356
2      0.006565  0.016502  0.004709  0.004723  0.967501
3      0.092059  0.125131  0.019653  0.014148  0.749009
4      0.009854  0.719590  0.240387  0.002481  0.027689
5      0.028713  0.213165  0.332897  0.003455  0.421769
6      0.052116  0.122616  0.000455  0.003800  0.821013
7      0.046953  0.031099  0.003245  0.003415  0.915288
8      0.127228  0.049019  0.002488  0.004442  0.816823
9      0.317551  0.234797  0.001233  0.005338  0.441082
10     0.386537  0.476021  0.001503  0.010762  0.125175
11     0.147894  0.189694  0.016184  0.006362  0.639865
12     0.129529  0.618070  0.002400  0.024819  0.225182
13     0.069941  0.517158  0.002428  0.026969  0.383504
14     0.035724  0.904493  0.000411  0.007084  0.052288
15     0.119816  0.825929  0.001509  0.026322  0.026424
16     0.003652  0.004030  0.989691  0.000539  0.002088
17     0.529925  0.376420  0.004447  0.044656  0.044552
18     0.007663  0.018823  0.968347  0.002918  0.002249
             N1        N2        N3         R         W
epoch                                                  
0      0.004259  0.014369  0.002471  0.005007  0.973894
1      0.039419  0.272665  0.068966  0.029208  0.589741
2      0.009787  0.020144  0.004899  0.004862  0.960308
3      0.110323  0.114794  0.014922  0.008759  0.751202
4      0.014290  0.627363  0.310641  0.002113  0.045593
5      0.027682  0.237437  0.324402  0.002619  0.407860
6      0.033479  0.072384  0.000408  0.003600  0.890129
7      0.034819  0.024852  0.003209  0.013653  0.923468
8      0.159563  0.042917  0.001416  0.007606  0.788498
9      0.226768  0.229508  0.001363  0.003537  0.538823
10     0.393275  0.428765  0.001507  0.011568  0.164886
11     0.123396  0.183320  0.003741  0.006661  0.682882
12     0.137570  0.538277  0.003082  0.035519  0.285553
13     0.082920  0.509451  0.004566  0.042384  0.360680
14     0.118957  0.597139  0.001764  0.037455  0.244685
15     0.496617  0.335924  0.006516  0.077533  0.083410
16     0.485518  0.278214  0.006010  0.080867  0.149390
17     0.528919  0.362597  0.005151  0.079414  0.023918
18     0.454378  0.416904  0.004752  0.055378  0.068588
19     0.128782  0.622038  0.002418  0.183399  0.063363
             N1        N2        N3         R         W
epoch                                                  
0      0.004616  0.017838  0.003914  0.002068  0.971564
1      0.054863  0.172465  0.052960  0.012291  0.707421
2      0.019120  0.033278  0.009639  0.003335  0.934629
3      0.077508  0.098490  0.015917  0.006229  0.801856
4      0.025079  0.456356  0.439988  0.003276  0.075302
5      0.047838  0.189229  0.377114  0.002818  0.383001
6      0.020903  0.056998  0.000263  0.003914  0.917922
7      0.028239  0.016514  0.003036  0.013917  0.938294
8      0.148175  0.032245  0.001316  0.006940  0.811324
9      0.236828  0.220454  0.001692  0.004283  0.536743
10     0.443465  0.383579  0.001464  0.009438  0.162054
11     0.136116  0.177166  0.004045  0.006120  0.676553
12     0.199599  0.328012  0.004825  0.039012  0.428551
13     0.151119  0.475796  0.004300  0.022653  0.346132
14     0.202954  0.496470  0.002131  0.055533  0.242912
15     0.292045  0.436601  0.006526  0.170090  0.094739
16     0.487473  0.230683  0.004817  0.106822  0.170204
17     0.342314  0.436990  0.007315  0.175170  0.038211
18     0.319579  0.434417  0.006228  0.166433  0.073344
19     0.150326  0.607599  0.002805  0.152605  0.086665
20     0.124010  0.454567  0.004916  0.130918  0.285588
             N1        N2        N3         R         W
epoch                                                  
0      0.002444  0.008659  0.003358  0.003753  0.981786
1      0.049672  0.104183  0.054849  0.012977  0.778319
2      0.021325  0.032895  0.009946  0.002814  0.933021
3      0.080700  0.109242  0.013690  0.003715  0.792653
4      0.008690  0.208453  0.749013  0.001876  0.031969
5      0.061193  0.111799  0.205495  0.002608  0.618905
6      0.021666  0.054703  0.000258  0.002970  0.920403
7      0.029323  0.017078  0.002922  0.012250  0.938426
8      0.177270  0.038167  0.001607  0.029269  0.753687
9      0.218503  0.215841  0.001340  0.003952  0.560365
10     0.338361  0.452685  0.001178  0.007282  0.200494
11     0.126710  0.159068  0.006010  0.005963  0.702248
12     0.187528  0.336135  0.003039  0.021165  0.452134
13     0.143344  0.533346  0.003263  0.013146  0.306901
14     0.363147  0.306051  0.002910  0.040693  0.287199
15     0.313892  0.402902  0.009256  0.176853  0.097097
16     0.465653  0.174327  0.009859  0.111994  0.238168
17     0.472732  0.332023  0.006241  0.143197  0.045808
18     0.382425  0.329390  0.007057  0.219519  0.061609
19     0.234896  0.506567  0.007433  0.189699  0.061405
20     0.330443  0.336785  0.009062  0.218764  0.104945
21     0.352882  0.196108  0.001421  0.279552  0.170037
             N1        N2        N3         R         W
epoch                                                  
0      0.001592  0.005966  0.003070  0.002711  0.986662
1      0.034542  0.069990  0.052680  0.018443  0.824346
2      0.023052  0.026683  0.008767  0.001134  0.940363
3      0.058174  0.127676  0.014789  0.002592  0.796769
4      0.008214  0.131397  0.825552  0.001192  0.033645
5      0.082339  0.089111  0.325322  0.001791  0.501438
6      0.014829  0.034631  0.000203  0.002230  0.948106
7      0.028463  0.013544  0.001807  0.006845  0.949342
8      0.198829  0.036337  0.000913  0.018505  0.745416
9      0.201957  0.153498  0.001390  0.005191  0.637964
10     0.275500  0.405026  0.001349  0.008407  0.309718
11     0.112354  0.122939  0.004909  0.005668  0.754131
12     0.171108  0.329289  0.003783  0.025277  0.470542
13     0.166193  0.544229  0.002876  0.028009  0.258693
14     0.383550  0.233693  0.001808  0.041374  0.339575
15     0.441814  0.314808  0.004592  0.147490  0.091297
16     0.440559  0.128947  0.007504  0.078969  0.344021
17     0.537266  0.256964  0.002071  0.142601  0.061098
18     0.567464  0.253863  0.001899  0.113105  0.063669
19     0.363138  0.261196  0.003054  0.241461  0.131150
20     0.376992  0.221528  0.003456  0.233160  0.164864
21     0.390930  0.178030  0.000540  0.250844  0.179656
22     0.386804  0.175693  0.001782  0.117881  0.317841
             N1        N2        N3         R         W
epoch                                                  
0      0.002062  0.006664  0.002524  0.001839  0.986911
1      0.037033  0.137715  0.105837  0.018164  0.701250
2      0.023690  0.040670  0.012564  0.001045  0.922031
3      0.047401  0.142191  0.011510  0.001115  0.797784
4      0.008949  0.104282  0.836135  0.001434  0.049200
5      0.052178  0.056334  0.282509  0.002980  0.605999
6      0.018209  0.029930  0.000210  0.003710  0.947941
7      0.018320  0.009353  0.001925  0.008542  0.961860
8      0.150727  0.026209  0.000547  0.021750  0.800767
9      0.192685  0.162779  0.002353  0.005493  0.636691
10     0.263648  0.454787  0.001783  0.009177  0.270604
11     0.078945  0.125894  0.003348  0.007699  0.784113
12     0.131984  0.499268  0.003612  0.012136  0.353000
13     0.163348  0.472031  0.003727  0.035236  0.325659
14     0.320119  0.245567  0.002281  0.052876  0.379157
15     0.494754  0.232170  0.007025  0.146186  0.119865
16     0.464102  0.097570  0.004832  0.083894  0.349603
17     0.553185  0.181477  0.001994  0.191977  0.071366
18     0.493365  0.220000  0.002309  0.216372  0.067954
19     0.356149  0.264860  0.003130  0.312122  0.063739
20     0.329546  0.226121  0.003574  0.292916  0.147843
21     0.464418  0.190380  0.000904  0.171507  0.172792
22     0.464044  0.240826  0.000956  0.144373  0.149800
23     0.515593  0.143741  0.000955  0.071766  0.267946
             N1        N2        N3         R         W
epoch                                                  
0      0.002187  0.007301  0.002847  0.000626  0.987039
1      0.051094  0.171596  0.092545  0.010934  0.673831
2      0.011635  0.020143  0.006902  0.000368  0.960952
3      0.051551  0.210523  0.010755  0.000781  0.726391
4      0.008084  0.096365  0.837865  0.001583  0.056103
5      0.076113  0.054988  0.241391  0.002952  0.624556
6      0.021385  0.026696  0.000209  0.002394  0.949316
7      0.018344  0.007317  0.001610  0.007019  0.965710
8      0.108781  0.019452  0.000415  0.016210  0.855142
9      0.206035  0.130971  0.002670  0.006084  0.654240
10     0.235818  0.378013  0.002581  0.011856  0.371732
11     0.060510  0.122874  0.003246  0.008474  0.804895
12     0.135536  0.453471  0.004769  0.009526  0.396698
13     0.159225  0.481919  0.004226  0.025122  0.329508
14     0.309544  0.213807  0.002058  0.036530  0.438061
15     0.458578  0.253951  0.004116  0.143491  0.139865
16     0.508050  0.072327  0.005648  0.096156  0.317819
17     0.566633  0.174356  0.001306  0.211631  0.046074
18     0.453279  0.238530  0.002261  0.252474  0.053457
19     0.297587  0.307735  0.002608  0.342245  0.049825
20     0.227874  0.236462  0.002980  0.453352  0.079332
21     0.250963  0.113094  0.000551  0.557076  0.078316
22     0.440721  0.199415  0.001589  0.264035  0.094239
23     0.447199  0.198088  0.001523  0.258291  0.094898
24     0.470238  0.219250  0.000869  0.107822  0.201822
             N1        N2        N3         R         W
epoch                                                  
0      0.003097  0.006363  0.002746  0.000786  0.987008
1      0.042475  0.147414  0.093354  0.005568  0.711189
2      0.011743  0.016135  0.004737  0.000216  0.967169
3      0.052172  0.156609  0.009646  0.000844  0.780729
4      0.009187  0.082036  0.852879  0.001449  0.054449
5      0.160464  0.047313  0.217235  0.006897  0.568091
6      0.023428  0.022515  0.000143  0.005489  0.948425
7      0.021479  0.007978  0.002960  0.001471  0.966111
8      0.105324  0.017847  0.000433  0.013446  0.862949
9      0.227070  0.128502  0.001486  0.005247  0.637695
10     0.231178  0.355507  0.009942  0.014081  0.389291
11     0.060566  0.131665  0.002339  0.009465  0.795966
12     0.138880  0.392633  0.004505  0.008262  0.455720
13     0.171631  0.532209  0.004420  0.023380  0.268361
14     0.424643  0.267043  0.001820  0.035841  0.270653
15     0.561584  0.228882  0.004297  0.114228  0.091009
16     0.598957  0.055309  0.001872  0.123333  0.220530
17     0.566762  0.153061  0.000927  0.245290  0.033961
18     0.381568  0.188232  0.001344  0.393785  0.035070
19     0.293161  0.329462  0.002164  0.349621  0.025592
20     0.280933  0.201753  0.002807  0.475954  0.038553
21     0.358443  0.116579  0.000485  0.473952  0.050540
22     0.415365  0.188176  0.001658  0.335908  0.058892
23     0.452994  0.174678  0.001686  0.286962  0.083680
24     0.546800  0.182406  0.000545  0.167223  0.103026
25     0.215850  0.132565  0.004826  0.325701  0.321058
             N1        N2        N3         R         W
epoch                                                  
0      0.001959  0.003536  0.002149  0.000472  0.991885
1      0.049575  0.163768  0.107142  0.002407  0.677107
2      0.010816  0.014805  0.004618  0.000199  0.969562
3      0.064316  0.150601  0.007252  0.001188  0.776643
4      0.011247  0.093857  0.828070  0.002020  0.064807
5      0.093581  0.029639  0.089174  0.004096  0.783510
6      0.024218  0.023195  0.000163  0.005908  0.946516
7      0.024892  0.007679  0.003356  0.001000  0.963072
8      0.084876  0.016982  0.000655  0.004441  0.893047
9      0.210532  0.100809  0.000959  0.002811  0.684889
10     0.260832  0.281792  0.009848  0.019807  0.427720
11     0.054039  0.126127  0.002020  0.008238  0.809576
12     0.139079  0.387076  0.004046  0.008046  0.461753
13     0.168559  0.501862  0.006621  0.030095  0.292863
14     0.430651  0.288541  0.002658  0.029975  0.248175
15     0.639182  0.218284  0.004249  0.069031  0.069253
16     0.560507  0.051870  0.002357  0.156984  0.228282
17     0.517445  0.133886  0.000785  0.315906  0.031977
18     0.377853  0.216550  0.001182  0.376322  0.028092
19     0.256001  0.366415  0.003065  0.340757  0.033761
20     0.325889  0.248803  0.002731  0.389382  0.033196
21     0.484311  0.187394  0.000629  0.280674  0.046993
22     0.410516  0.193184  0.000924  0.353906  0.041470
23     0.462127  0.204102  0.000886  0.279674  0.053211
24     0.545280  0.183421  0.000630  0.220617  0.050052
25     0.218743  0.130994  0.003638  0.539695  0.106929
26     0.505214  0.197818  0.000425  0.215371  0.081172
             N1        N2        N3         R         W
epoch                                                  
0      0.001785  0.003696  0.002071  0.000533  0.991915
1      0.043136  0.185242  0.080937  0.001887  0.688797
2      0.007080  0.014237  0.004252  0.000160  0.974270
3      0.059104  0.152309  0.006888  0.000826  0.780873
4      0.010074  0.092216  0.759645  0.001748  0.136318
5      0.064742  0.028983  0.095917  0.004951  0.805407
6      0.019585  0.018385  0.000107  0.018211  0.943712
7      0.023452  0.006994  0.002939  0.000734  0.965880
8      0.067964  0.015023  0.000739  0.003898  0.912377
9      0.199925  0.102110  0.001187  0.001943  0.694836
10     0.282907  0.252519  0.009966  0.019124  0.435483
11     0.055620  0.112347  0.002244  0.009185  0.820604
12     0.143829  0.330544  0.003417  0.021683  0.500526
13     0.179863  0.422396  0.008905  0.031847  0.356990
14     0.388379  0.316066  0.002966  0.034669  0.257920
15     0.591963  0.309540  0.003620  0.025019  0.069857
16     0.464193  0.080688  0.002425  0.144660  0.308034
17     0.576446  0.170675  0.000688  0.221371  0.030820
18     0.446279  0.241156  0.001334  0.282445  0.028786
19     0.298368  0.468706  0.001910  0.210207  0.020809
20     0.345980  0.301788  0.002921  0.316240  0.033071
21     0.493914  0.232995  0.000492  0.227956  0.044643
22     0.465826  0.243745  0.001018  0.245682  0.043728
23     0.524703  0.238893  0.001167  0.185575  0.049662
24     0.607537  0.218977  0.000556  0.133140  0.039790
25     0.284033  0.188049  0.004077  0.409529  0.114313
26     0.552323  0.199091  0.000546  0.199600  0.048439
27     0.582469  0.081378  0.000732  0.229423  0.105998
             N1        N2        N3         R         W
epoch                                                  
0      0.001760  0.003548  0.002033  0.000771  0.991887
1      0.030411  0.221111  0.076504  0.001536  0.670437
2      0.007440  0.016846  0.003777  0.000117  0.971820
3      0.046405  0.130011  0.005530  0.000751  0.817303
4      0.008501  0.068051  0.779469  0.001720  0.142258
5      0.028835  0.027406  0.082360  0.004043  0.857356
6      0.050084  0.045164  0.000193  0.047705  0.856854
7      0.024437  0.005632  0.002297  0.000662  0.966972
8      0.070444  0.013003  0.000804  0.001213  0.914535
9      0.203734  0.098335  0.000900  0.001838  0.695193
10     0.259139  0.268184  0.009741  0.024797  0.438139
11     0.043805  0.130977  0.002285  0.006949  0.815984
12     0.113397  0.392636  0.003419  0.017212  0.473336
13     0.199796  0.419774  0.006692  0.023017  0.350721
14     0.443816  0.295842  0.002977  0.029144  0.228221
15     0.590278  0.322946  0.003643  0.016703  0.066430
16     0.476087  0.127409  0.002556  0.109214  0.284734
17     0.570114  0.259641  0.000981  0.134546  0.034718
18     0.410862  0.339338  0.001021  0.221763  0.027017
19     0.256081  0.543051  0.001358  0.178634  0.020875
20     0.330327  0.321584  0.001418  0.315415  0.031256
21     0.485810  0.259960  0.000394  0.215220  0.038616
22     0.455245  0.271971  0.000728  0.235897  0.036158
23     0.542603  0.311892  0.001147  0.113851  0.030507
24     0.533776  0.295106  0.000647  0.129735  0.040736
25     0.290992  0.263211  0.006098  0.300349  0.139350
26     0.519603  0.221696  0.000617  0.205725  0.052359
27     0.526049  0.093446  0.000594  0.300641  0.079270
28     0.438805  0.051888  0.000372  0.153360  0.355576
             N1        N2        N3         R         W
epoch                                                  
0      0.001675  0.005802  0.002656  0.001191  0.988676
1      0.033849  0.240348  0.080522  0.002662  0.642618
2      0.008492  0.015769  0.003611  0.000108  0.972019
3      0.040155  0.113429  0.005081  0.000723  0.840612
4      0.009292  0.059280  0.855808  0.001406  0.074213
5      0.025634  0.027674  0.083731  0.003111  0.859851
6      0.050803  0.041265  0.000216  0.048329  0.859388
7      0.022487  0.004809  0.002178  0.000778  0.969749
8      0.057512  0.010762  0.000576  0.000852  0.930298
9      0.186993  0.096198  0.000923  0.001679  0.714206
10     0.271973  0.236801  0.008417  0.022713  0.460096
11     0.042833  0.087545  0.001778  0.006790  0.861054
12     0.099894  0.371071  0.003416  0.016024  0.509596
13     0.144322  0.444594  0.004663  0.027381  0.379039
14     0.410261  0.301253  0.002970  0.016506  0.269010
15     0.596071  0.330944  0.003496  0.016921  0.052568
16     0.530353  0.145415  0.001952  0.076603  0.245678
17     0.617331  0.279306  0.000708  0.076448  0.026207
18     0.425363  0.374946  0.000865  0.171954  0.026872
19     0.263392  0.535942  0.001310  0.182365  0.016992
20     0.337325  0.358583  0.001310  0.284675  0.018107
21     0.455591  0.296518  0.000344  0.215886  0.031661
22     0.413825  0.280230  0.000659  0.290354  0.014932
23     0.506125  0.356339  0.001135  0.112994  0.023408
24     0.591357  0.290414  0.000631  0.085725  0.031871
25     0.298110  0.271907  0.006410  0.300384  0.123188
26     0.518444  0.230275  0.000540  0.209794  0.040947
27     0.572654  0.113488  0.000544  0.253096  0.060219
28     0.524156  0.073276  0.000610  0.183519  0.218439
29     0.709844  0.027678  0.000220  0.027094  0.235163
             N1        N2        N3         R         W
epoch                                                  
0      0.002054  0.007924  0.003542  0.000427  0.986053
1      0.037993  0.274701  0.090844  0.002630  0.593832
2      0.009831  0.017406  0.003577  0.000125  0.969061
3      0.045083  0.124149  0.005469  0.001161  0.824138
4      0.010441  0.060483  0.867574  0.001560  0.059942
5      0.054317  0.036780  0.125515  0.004326  0.779063
6      0.054047  0.040678  0.000277  0.043930  0.861068
7      0.022680  0.005598  0.004490  0.000639  0.966593
8      0.060700  0.010989  0.000524  0.000675  0.927112
9      0.170234  0.082254  0.001107  0.001262  0.745144
10     0.223102  0.239769  0.007988  0.021325  0.507816
11     0.036764  0.085960  0.001905  0.004304  0.871068
12     0.101401  0.369452  0.003178  0.005225  0.520744
13     0.153017  0.463551  0.003587  0.010542  0.369303
14     0.396479  0.335772  0.003028  0.014670  0.250051
15     0.537817  0.396796  0.003667  0.014000  0.047721
16     0.477655  0.150690  0.002361  0.087888  0.281406
17     0.519738  0.312169  0.000843  0.141309  0.025941
18     0.371807  0.381338  0.001035  0.223100  0.022720
19     0.240818  0.556014  0.001141  0.185899  0.016128
20     0.276059  0.375952  0.000959  0.323909  0.023121
21     0.424497  0.311861  0.000449  0.241165  0.022028
22     0.462756  0.367592  0.000782  0.154988  0.013883
23     0.453437  0.378641  0.001180  0.147719  0.019023
24     0.515176  0.349162  0.000775  0.105929  0.028957
25     0.312399  0.319778  0.008621  0.273966  0.085236
26     0.483308  0.245122  0.000603  0.240022  0.030944
27     0.519270  0.155582  0.000755  0.278537  0.045856
28     0.577463  0.065885  0.000750  0.186688  0.169215
29     0.764087  0.030659  0.000351  0.053579  0.151323
30     0.320836  0.012556  0.000126  0.030947  0.635535
             N1        N2        N3         R         W
epoch                                                  
0      0.001667  0.007829  0.003346  0.000388  0.986770
1      0.052221  0.291133  0.099352  0.004492  0.552803
2      0.009783  0.020371  0.003685  0.000121  0.966040
3      0.039509  0.111596  0.004724  0.000644  0.843526
4      0.009864  0.058604  0.865476  0.001363  0.064693
5      0.047852  0.032165  0.119261  0.002597  0.798124
6      0.039483  0.029524  0.000200  0.040018  0.890775
7      0.022192  0.004745  0.004053  0.001773  0.967238
8      0.056139  0.009271  0.000554  0.000486  0.933550
9      0.152908  0.063873  0.000994  0.000854  0.781371
10     0.224947  0.220449  0.009145  0.021279  0.524181
11     0.031940  0.078282  0.001763  0.004449  0.883567
12     0.108181  0.378514  0.002769  0.005150  0.505386
13     0.145624  0.518216  0.004273  0.013321  0.318566
14     0.380542  0.355472  0.003420  0.016875  0.243691
15     0.520605  0.407205  0.003900  0.015890  0.052401
16     0.473849  0.162844  0.002349  0.078164  0.282794
17     0.535258  0.337952  0.000870  0.102169  0.023751
18     0.414509  0.352657  0.001357  0.206882  0.024594
19     0.260048  0.542937  0.001251  0.179246  0.016518
20     0.285633  0.376174  0.001222  0.309617  0.027354
21     0.410059  0.317304  0.000535  0.247905  0.024196
22     0.421286  0.417288  0.000974  0.144694  0.015758
23     0.407228  0.434204  0.001273  0.138131  0.019164
24     0.545778  0.348377  0.001189  0.072803  0.031852
25     0.275360  0.363836  0.008263  0.273593  0.078948
26     0.475705  0.264320  0.000572  0.233035  0.026369
27     0.498699  0.119211  0.000796  0.339779  0.041515
28     0.546565  0.104208  0.000756  0.200049  0.148422
29     0.812076  0.031996  0.000390  0.029137  0.126401
30     0.445390  0.014248  0.000229  0.016489  0.523645
31     0.804951  0.045527  0.000141  0.031202  0.118180
             N1        N2        N3         R         W
epoch                                                  
0      0.002098  0.008274  0.003558  0.000408  0.985662
1      0.058613  0.328986  0.097280  0.002986  0.512135
2      0.009520  0.015809  0.002731  0.000111  0.971829
3      0.036973  0.106838  0.004580  0.000599  0.851010
4      0.009420  0.058824  0.870087  0.001033  0.060636
5      0.038947  0.033851  0.121968  0.002373  0.802861
6      0.049165  0.030101  0.000199  0.038799  0.881736
7      0.016991  0.005225  0.003582  0.002979  0.971224
8      0.060956  0.009334  0.000644  0.000426  0.928640
9      0.142118  0.067409  0.000824  0.000722  0.788928
10     0.205717  0.258143  0.010922  0.019289  0.505929
11     0.032057  0.070804  0.001636  0.004154  0.891348
12     0.103227  0.342234  0.002699  0.004864  0.546977
13     0.159197  0.483869  0.003973  0.011615  0.341345
14     0.331008  0.389064  0.003571  0.019627  0.256731
15     0.472663  0.457491  0.004307  0.016157  0.049381
16     0.464943  0.153725  0.002559  0.067369  0.311403
17     0.514814  0.391114  0.000906  0.064969  0.028197
18     0.411888  0.398439  0.001427  0.163875  0.024371
19     0.298182  0.595515  0.001317  0.082903  0.022083
20     0.354858  0.420850  0.001844  0.205015  0.017433
21     0.439203  0.366402  0.000582  0.171706  0.022108
22     0.451879  0.422712  0.001242  0.109540  0.014628
23     0.409684  0.438242  0.001621  0.129377  0.021075
24     0.485431  0.408743  0.001103  0.074458  0.030265
25     0.277707  0.384632  0.008307  0.247228  0.082127
26     0.540095  0.279982  0.000658  0.147422  0.031843
27     0.537120  0.162702  0.000812  0.255812  0.043554
28     0.571665  0.111253  0.001117  0.133128  0.182836
29     0.776910  0.046842  0.000395  0.029566  0.146287
30     0.461271  0.018425  0.000384  0.014848  0.505072
31     0.857631  0.042636  0.000378  0.042983  0.056372
32     0.183641  0.011501  0.000277  0.015584  0.788997
             N1        N2        N3         R         W
epoch                                                  
0      0.002274  0.009011  0.004242  0.000467  0.984006
1      0.061517  0.302548  0.095555  0.002871  0.537508
2      0.011631  0.017977  0.003268  0.000126  0.966998
3      0.047533  0.112582  0.005445  0.000631  0.833809
4      0.010255  0.068145  0.839908  0.000979  0.080712
5      0.040750  0.033103  0.143585  0.002369  0.780192
6      0.042683  0.029156  0.000223  0.035932  0.892007
7      0.016743  0.004937  0.003025  0.002712  0.972583
8      0.065709  0.009450  0.000617  0.000486  0.923739
9      0.146346  0.065836  0.000709  0.000567  0.786543
10     0.178381  0.232169  0.008778  0.018938  0.561733
11     0.032531  0.066800  0.001580  0.003584  0.895504
12     0.091073  0.312222  0.002805  0.004802  0.589099
13     0.131607  0.531454  0.003780  0.018669  0.314489
14     0.292454  0.410707  0.003287  0.019796  0.273756
15     0.486903  0.435925  0.004867  0.016785  0.055519
16     0.459525  0.154665  0.002020  0.068023  0.315768
17     0.516504  0.394137  0.000819  0.063148  0.025392
18     0.405129  0.425898  0.001346  0.143275  0.024352
19     0.281455  0.612574  0.001801  0.082699  0.021470
20     0.357677  0.464922  0.001766  0.156928  0.018707
21     0.417292  0.402939  0.000607  0.157441  0.021721
22     0.402135  0.453056  0.001343  0.128833  0.014633
23     0.397803  0.476505  0.001486  0.105236  0.018969
24     0.430196  0.462613  0.001165  0.074047  0.031980
25     0.282973  0.454478  0.008960  0.184771  0.068817
26     0.449375  0.345093  0.000911  0.173345  0.031276
27     0.541400  0.150479  0.000888  0.266366  0.040868
28     0.566822  0.112685  0.001070  0.161319  0.158104
29     0.745959  0.057967  0.000485  0.040660  0.154929
30     0.467287  0.019494  0.000327  0.013910  0.498982
31     0.860650  0.043882  0.000428  0.049103  0.045938
32     0.287017  0.020785  0.000530  0.020733  0.670936
33     0.563275  0.061821  0.000227  0.030948  0.343728
             N1        N2        N3         R         W
epoch                                                  
0      0.001659  0.006399  0.003202  0.000417  0.988323
1      0.100445  0.386090  0.129142  0.005953  0.378370
2      0.006187  0.012626  0.003054  0.000157  0.977975
3      0.100112  0.048111  0.004089  0.000432  0.847257
4      0.017055  0.046753  0.796458  0.001171  0.138563
5      0.016033  0.013195  0.047433  0.001150  0.922188
6      0.019874  0.024855  0.000249  0.053557  0.901465
7      0.013601  0.003490  0.005904  0.000522  0.976482
8      0.054734  0.009570  0.001334  0.000695  0.933668
9      0.147388  0.054680  0.000593  0.000534  0.796805
10     0.173231  0.253953  0.011870  0.016264  0.544682
11     0.031653  0.072381  0.001828  0.002997  0.891141
12     0.082956  0.339362  0.001995  0.005184  0.570502
13     0.120415  0.533874  0.003797  0.015340  0.326574
14     0.282127  0.385368  0.003854  0.020755  0.307897
15     0.427252  0.498998  0.003587  0.014554  0.055609
16     0.417673  0.176940  0.002195  0.077157  0.326035
17     0.504555  0.397885  0.000861  0.072946  0.023752
18     0.401471  0.454759  0.001237  0.116148  0.026385
19     0.312953  0.592956  0.001546  0.071746  0.020799
20     0.367338  0.496548  0.002334  0.111788  0.021992
21     0.357901  0.433444  0.000637  0.187407  0.020611
22     0.343738  0.451570  0.001347  0.188827  0.014519
23     0.357328  0.528886  0.001715  0.094118  0.017952
24     0.411796  0.480645  0.000822  0.076120  0.030617
25     0.259827  0.488618  0.009633  0.186364  0.055558
26     0.406083  0.381419  0.000879  0.183740  0.027879
27     0.523076  0.165389  0.000951  0.275276  0.035308
28     0.514638  0.113527  0.001066  0.238950  0.131819
29     0.716562  0.058358  0.000526  0.044289  0.180265
30     0.482214  0.022056  0.000349  0.018298  0.477083
31     0.831735  0.046159  0.000458  0.075889  0.045759
32     0.303756  0.014630  0.000891  0.022068  0.658654
33     0.607190  0.057031  0.000461  0.025904  0.309414
34     0.098345  0.008416  0.000314  0.010462  0.882463
             N1        N2        N3         R         W
epoch                                                  
0      0.001581  0.006083  0.003329  0.000404  0.988604
1      0.086081  0.400940  0.132850  0.005632  0.374498
2      0.005152  0.012639  0.003151  0.000142  0.978916
3      0.070573  0.031458  0.002594  0.000272  0.895104
4      0.012603  0.040139  0.682166  0.000837  0.264255
5      0.017660  0.012531  0.045358  0.001172  0.923278
6      0.022590  0.024717  0.000315  0.045987  0.906391
7      0.010152  0.003323  0.005762  0.000518  0.980245
8      0.050149  0.009769  0.001529  0.000593  0.937960
9      0.129575  0.047866  0.000629  0.000620  0.821310
10     0.176023  0.281173  0.015414  0.015966  0.511424
11     0.031297  0.065541  0.002161  0.003760  0.897241
12     0.084550  0.328813  0.002582  0.004865  0.579190
13     0.131098  0.472086  0.004085  0.014762  0.377969
14     0.257149  0.378402  0.004003  0.022388  0.338058
15     0.403406  0.513242  0.004829  0.018840  0.059682
16     0.386007  0.211756  0.002823  0.081458  0.317956
17     0.453754  0.447827  0.001139  0.074824  0.022456
18     0.378737  0.470396  0.001415  0.125166  0.024286
19     0.275286  0.632739  0.001748  0.068469  0.021758
20     0.358250  0.512200  0.003603  0.105547  0.020399
21     0.332771  0.393749  0.000864  0.251962  0.020655
22     0.312028  0.434729  0.001317  0.238915  0.013011
23     0.334803  0.527776  0.001754  0.117286  0.018381
24     0.384585  0.482113  0.000675  0.101296  0.031332
25     0.273426  0.494719  0.007660  0.170688  0.053508
26     0.394153  0.404255  0.000980  0.173449  0.027164
27     0.462176  0.173711  0.001016  0.328001  0.035096
28     0.463339  0.123518  0.001107  0.280992  0.131046
29     0.706570  0.066776  0.000569  0.065209  0.160876
30     0.421425  0.023005  0.000588  0.028145  0.526837
31     0.782660  0.080299  0.000438  0.086697  0.049906
32     0.272184  0.019841  0.000473  0.025144  0.682359
33     0.585579  0.051354  0.000465  0.039474  0.323128
34     0.186263  0.010693  0.000169  0.007633  0.795241
35     0.117700  0.025340  0.000121  0.004682  0.852156
             N1        N2        N3         R         W
epoch                                                  
0      0.001579  0.006178  0.003201  0.000384  0.988658
1      0.048844  0.255734  0.088925  0.006502  0.599994
2      0.004926  0.012162  0.003011  0.000146  0.979754
3      0.076598  0.036024  0.004023  0.000353  0.883003
4      0.034333  0.039284  0.658408  0.000645  0.267330
5      0.014312  0.010868  0.058308  0.000700  0.915812
6      0.029806  0.027906  0.000252  0.033324  0.908712
7      0.010948  0.003885  0.006540  0.000504  0.978124
8      0.044237  0.008536  0.001458  0.000386  0.945382
9      0.099760  0.049869  0.000697  0.000712  0.848962
10     0.175237  0.292916  0.016013  0.013338  0.502496
11     0.031373  0.062035  0.002016  0.003238  0.901337
12     0.081024  0.315281  0.002407  0.004990  0.596297
13     0.112345  0.482177  0.004156  0.015108  0.386213
14     0.248845  0.373135  0.004402  0.022442  0.351176
15     0.415050  0.496457  0.005020  0.027218  0.056255
16     0.397212  0.225264  0.002815  0.086641  0.288069
17     0.410612  0.485269  0.001368  0.078828  0.023923
18     0.401503  0.498616  0.001508  0.072260  0.026113
19     0.324711  0.577570  0.001790  0.070549  0.025380
20     0.403162  0.446615  0.002893  0.124096  0.023234
21     0.352375  0.423849  0.000841  0.202863  0.020073
22     0.365449  0.452003  0.001799  0.166764  0.013985
23     0.296188  0.570982  0.001818  0.113090  0.017922
24     0.388337  0.515532  0.000693  0.062743  0.032695
25     0.279688  0.531160  0.009529  0.128469  0.051154
26     0.407009  0.422809  0.001012  0.142349  0.026821
27     0.467564  0.235559  0.001165  0.260081  0.035630
28     0.504840  0.129529  0.001264  0.221947  0.142421
29     0.692715  0.078015  0.000642  0.063145  0.165483
30     0.413517  0.025332  0.000558  0.025819  0.534774
31     0.752518  0.081589  0.000491  0.109828  0.055574
32     0.295969  0.032648  0.000456  0.032968  0.637960
33     0.551052  0.052999  0.000422  0.047738  0.347789
34     0.182933  0.013775  0.000219  0.009194  0.793879
35     0.258369  0.029255  0.000294  0.011021  0.701062
36     0.194784  0.035581  0.000090  0.016034  0.753511
             N1        N2        N3         R         W
epoch                                                  
0      0.001793  0.005977  0.003493  0.000363  0.988374
1      0.050505  0.276584  0.095587  0.004574  0.572750
2      0.006115  0.013299  0.003081  0.000164  0.977341
3      0.055219  0.023503  0.002627  0.000231  0.918420
4      0.031474  0.038397  0.641756  0.000652  0.287721
5      0.016559  0.011606  0.046143  0.000870  0.924821
6      0.018813  0.022622  0.000286  0.118220  0.840060
7      0.009453  0.003701  0.007225  0.000556  0.979065
8      0.033794  0.008914  0.001725  0.000504  0.955063
9      0.122206  0.043133  0.000586  0.000528  0.833547
10     0.154211  0.263679  0.013361  0.009646  0.559103
11     0.031339  0.054544  0.002074  0.004257  0.907786
12     0.094541  0.305530  0.002312  0.006500  0.591117
13     0.108800  0.473454  0.003564  0.014208  0.399973
14     0.260574  0.364607  0.004307  0.027720  0.342792
15     0.425419  0.479179  0.005477  0.027730  0.062194
16     0.404332  0.213729  0.002554  0.087600  0.291785
17     0.387097  0.506505  0.001107  0.083583  0.021708
18     0.419522  0.478659  0.001427  0.071315  0.029077
19     0.315832  0.586500  0.001907  0.070155  0.025606
20     0.353776  0.502402  0.003379  0.114606  0.025838
21     0.336767  0.409528  0.000936  0.232632  0.020136
22     0.328011  0.470967  0.001676  0.185839  0.013508
23     0.283000  0.585994  0.001705  0.112833  0.016467
24     0.364399  0.540610  0.000681  0.064690  0.029620
25     0.273307  0.537802  0.009022  0.128941  0.050928
26     0.382845  0.430019  0.000735  0.163085  0.023315
27     0.399360  0.217509  0.001090  0.352213  0.029828
28     0.452104  0.119776  0.001225  0.296367  0.130528
29     0.618126  0.098422  0.000784  0.117929  0.164739
30     0.389062  0.032475  0.000613  0.047036  0.530813
31     0.702248  0.095428  0.000508  0.149795  0.052021
32     0.249150  0.034493  0.000568  0.046560  0.669229
33     0.522233  0.076057  0.000542  0.069363  0.331805
34     0.176024  0.017520  0.000238  0.011082  0.795136
35     0.250655  0.031995  0.000449  0.011413  0.705488
36     0.313983  0.038869  0.000146  0.029097  0.617906
37     0.096345  0.023924  0.000124  0.003358  0.876249
             N1        N2        N3         R         W
epoch                                                  
0      0.001535  0.008849  0.003731  0.000377  0.985508
1      0.047883  0.315495  0.068526  0.003620  0.564477
2      0.005084  0.015067  0.001727  0.000289  0.977833
3      0.080984  0.046704  0.003266  0.000282  0.868764
4      0.024076  0.036771  0.622085  0.000612  0.316455
5      0.017400  0.010701  0.049245  0.000993  0.921661
6      0.014388  0.021695  0.000224  0.142353  0.821339
7      0.006164  0.003250  0.004810  0.000300  0.985476
8      0.027956  0.010013  0.001819  0.000467  0.959745
9      0.113719  0.049939  0.000572  0.000546  0.835223
10     0.145349  0.249551  0.013053  0.007389  0.584658
11     0.023575  0.050266  0.001997  0.002982  0.921181
12     0.108119  0.293043  0.002398  0.008193  0.588246
13     0.101545  0.366755  0.003193  0.010541  0.517967
14     0.286867  0.330740  0.003646  0.026308  0.352439
15     0.434227  0.471260  0.005321  0.025933  0.063259
16     0.399775  0.240486  0.002457  0.067438  0.289845
17     0.410853  0.488532  0.001010  0.079923  0.019681
18     0.406210  0.489266  0.001906  0.069197  0.033421
19     0.322997  0.594869  0.002045  0.055119  0.024970
20     0.354140  0.516869  0.003038  0.103109  0.022845
21     0.414128  0.453125  0.001289  0.105339  0.026119
22     0.320339  0.446857  0.001482  0.219254  0.012068
23     0.276619  0.602807  0.002079  0.102042  0.016453
24     0.355965  0.536411  0.000668  0.076709  0.030247
25     0.277271  0.524840  0.008031  0.126075  0.063783
26     0.403342  0.406634  0.000665  0.167319  0.022040
27     0.388779  0.231452  0.000809  0.349047  0.029913
28     0.421707  0.127221  0.001400  0.330243  0.119430
29     0.607027  0.104338  0.000850  0.139593  0.148191
30     0.356812  0.037189  0.000545  0.046903  0.558550
31     0.685760  0.104480  0.000592  0.158962  0.050207
32     0.244269  0.037684  0.000625  0.062625  0.654797
33     0.530988  0.132339  0.000568  0.071138  0.264967
34     0.194335  0.026315  0.000359  0.011183  0.767809
35     0.302983  0.034285  0.000549  0.010430  0.651753
36     0.343194  0.046646  0.000284  0.021608  0.588268
37     0.323097  0.030357  0.000433  0.006171  0.639942
38     0.569107  0.108081  0.000932  0.014964  0.306916
             N1        N2        N3         R         W
epoch                                                  
0      0.001439  0.008589  0.003633  0.000367  0.985973
1      0.052172  0.421188  0.087013  0.004919  0.434708
2      0.005083  0.013875  0.001627  0.000241  0.979174
3      0.072635  0.047124  0.003359  0.000308  0.876575
4      0.021170  0.033767  0.573111  0.000505  0.371447
5      0.015765  0.010251  0.047603  0.000854  0.925527
6      0.011245  0.018631  0.000210  0.119130  0.850784
7      0.004978  0.003095  0.004355  0.000316  0.987256
8      0.021579  0.009251  0.002107  0.000447  0.966616
9      0.120075  0.051526  0.000558  0.000658  0.827184
10     0.140857  0.271979  0.012438  0.007253  0.567472
11     0.025435  0.048547  0.001970  0.003207  0.920840
12     0.099899  0.265596  0.002196  0.007700  0.624609
13     0.101379  0.370278  0.002696  0.009273  0.516374
14     0.299407  0.307453  0.003500  0.026444  0.363197
15     0.442594  0.457645  0.005055  0.026788  0.067918
16     0.355058  0.237046  0.002856  0.064799  0.340242
17     0.422576  0.471144  0.000947  0.085090  0.020243
18     0.392654  0.505435  0.001886  0.066718  0.033307
19     0.319135  0.604088  0.001932  0.052452  0.022392
20     0.346158  0.521347  0.003032  0.106719  0.022745
21     0.421346  0.438231  0.001321  0.111799  0.027303
22     0.354294  0.430185  0.001802  0.200395  0.013324
23     0.287597  0.601565  0.001904  0.093433  0.015502
24     0.340141  0.569048  0.000618  0.060596  0.029597
25     0.275126  0.537580  0.006737  0.119319  0.061237
26     0.400064  0.416497  0.000760  0.161203  0.021476
27     0.325683  0.243844  0.000746  0.403824  0.025904
28     0.376051  0.161008  0.001170  0.351934  0.109836
29     0.569827  0.103987  0.001018  0.193386  0.131782
30     0.363846  0.040260  0.000698  0.057662  0.537532
31     0.667066  0.122748  0.000584  0.165440  0.044162
32     0.289123  0.040153  0.000693  0.064860  0.605171
33     0.549168  0.108292  0.000555  0.068753  0.273231
34     0.202048  0.034601  0.000378  0.012085  0.750888
35     0.343843  0.048231  0.000637  0.010819  0.596469
36     0.349739  0.054979  0.000335  0.025624  0.569322
37     0.305782  0.032905  0.000467  0.007287  0.653560
38     0.558285  0.103241  0.001000  0.021162  0.316312
39     0.106840  0.010858  0.000220  0.003939  0.878144
             N1        N2        N3         R         W
epoch                                                  
0      0.001573  0.008735  0.004144  0.000369  0.985179
1      0.035496  0.324001  0.065380  0.003569  0.571553
2      0.004695  0.013141  0.001628  0.000243  0.980293
3      0.067955  0.049166  0.003184  0.000281  0.879414
4      0.020210  0.030821  0.533457  0.000478  0.415035
5      0.017016  0.009691  0.050766  0.000641  0.921887
6      0.008776  0.018902  0.000217  0.122092  0.850013
7      0.005353  0.003397  0.003892  0.000307  0.987051
8      0.019238  0.009554  0.002113  0.000431  0.968664
9      0.089981  0.052663  0.000611  0.000706  0.856039
10     0.139935  0.267555  0.013360  0.006657  0.572493
11     0.025233  0.045783  0.002166  0.003126  0.923692
12     0.098651  0.241837  0.001987  0.005582  0.651943
13     0.100184  0.348904  0.002819  0.010338  0.537755
14     0.276556  0.295295  0.003100  0.024999  0.400050
15     0.457191  0.426717  0.005373  0.030300  0.080419
16     0.349031  0.222672  0.002933  0.057373  0.367990
17     0.418954  0.505230  0.001111  0.049262  0.025442
18     0.370773  0.525430  0.001550  0.065295  0.036953
19     0.316272  0.600086  0.002395  0.053704  0.027543
20     0.347714  0.554893  0.003393  0.070214  0.023786
21     0.421319  0.439894  0.001338  0.111294  0.026154
22     0.334951  0.422045  0.001782  0.227761  0.013462
23     0.288568  0.592189  0.002105  0.100305  0.016832
24     0.339662  0.544200  0.000712  0.080086  0.035340
25     0.269465  0.526161  0.006201  0.127237  0.070936
26     0.403841  0.419109  0.000724  0.153139  0.023187
27     0.388593  0.268503  0.000815  0.314669  0.027420
28     0.383141  0.163642  0.001184  0.353036  0.098998
29     0.529234  0.113682  0.001109  0.218604  0.137371
30     0.365149  0.045684  0.000862  0.060255  0.528051
31     0.671693  0.120693  0.000872  0.157491  0.049251
32     0.287068  0.047396  0.000668  0.066982  0.597886
33     0.490594  0.129059  0.000625  0.087551  0.292171
34     0.204340  0.035871  0.000338  0.012901  0.746549
35     0.333739  0.058427  0.000601  0.015857  0.591375
36     0.381684  0.063774  0.000338  0.028210  0.525994
37     0.350568  0.035981  0.000595  0.007685  0.605171
38     0.567393  0.124648  0.000997  0.029185  0.277777
39     0.180369  0.020855  0.000178  0.004078  0.794520
40     0.362704  0.220879  0.000403  0.016592  0.399422
             N1        N2        N3         R         W
epoch                                                  
0      0.001448  0.007802  0.003874  0.000284  0.986591
1      0.035552  0.262948  0.065239  0.003189  0.633072
2      0.004020  0.010204  0.001603  0.000213  0.983960
3      0.052806  0.042857  0.003314  0.000255  0.900768
4      0.020913  0.031766  0.410447  0.000430  0.536443
5      0.016997  0.009902  0.045538  0.000596  0.926968
6      0.007560  0.017618  0.000196  0.099987  0.874638
7      0.004735  0.003455  0.004383  0.000289  0.987137
8      0.018231  0.010277  0.002344  0.000471  0.968678
9      0.075429  0.045098  0.000566  0.000614  0.878292
10     0.137404  0.260014  0.011345  0.007355  0.583883
11     0.023249  0.036276  0.001063  0.004006  0.935406
12     0.089759  0.214336  0.001919  0.005730  0.688257
13     0.090679  0.335346  0.002682  0.007981  0.563311
14     0.260181  0.292694  0.002943  0.025144  0.419038
15     0.449940  0.435516  0.005038  0.030059  0.079446
16     0.340558  0.226877  0.002724  0.059007  0.370833
17     0.436929  0.487923  0.001149  0.043887  0.030112
18     0.394087  0.493532  0.001721  0.069498  0.041161
19     0.277888  0.638942  0.002361  0.053716  0.027092
20     0.346299  0.550419  0.003494  0.072288  0.027501
21     0.387192  0.475838  0.001397  0.111913  0.023660
22     0.338742  0.423864  0.001721  0.222724  0.012949
23     0.320918  0.562827  0.002894  0.095477  0.017885
24     0.389972  0.486997  0.000914  0.092169  0.029948
25     0.269387  0.506416  0.006911  0.147953  0.069333
26     0.413938  0.404204  0.000767  0.161473  0.019617
27     0.377599  0.263040  0.000790  0.332543  0.026029
28     0.300667  0.167778  0.000950  0.438712  0.091892
29     0.489525  0.111984  0.000979  0.264446  0.133066
30     0.378295  0.045638  0.001017  0.067966  0.507084
31     0.644957  0.123406  0.000727  0.180830  0.050080
32     0.276972  0.048807  0.000795  0.059242  0.614183
33     0.517498  0.124403  0.000620  0.094060  0.263418
34     0.193374  0.034143  0.000328  0.014110  0.758044
35     0.335572  0.062280  0.000594  0.018852  0.582702
36     0.383670  0.065689  0.000328  0.029756  0.520557
37     0.381305  0.058868  0.000392  0.009575  0.549860
38     0.587939  0.154432  0.000860  0.031782  0.224987
39     0.220490  0.026595  0.000196  0.006074  0.746645
40     0.471458  0.144973  0.000513  0.012853  0.370203
41     0.384249  0.231264  0.001158  0.023792  0.359537
             N1        N2        N3         R         W
epoch                                                  
0      0.001368  0.007592  0.003873  0.000267  0.986900
1      0.021951  0.158921  0.043518  0.001607  0.774002
2      0.004707  0.010536  0.001685  0.000211  0.982861
3      0.056608  0.041315  0.003301  0.000227  0.898549
4      0.022405  0.028319  0.367518  0.000385  0.581373
5      0.013677  0.007748  0.046891  0.000450  0.931234
6      0.008452  0.017343  0.000213  0.108234  0.865759
7      0.004836  0.003550  0.001709  0.000345  0.989560
8      0.015638  0.009418  0.001075  0.000572  0.973297
9      0.092821  0.043637  0.000744  0.000549  0.862248
10     0.121697  0.243522  0.011454  0.007951  0.615376
11     0.019801  0.029439  0.001444  0.003298  0.946019
12     0.070663  0.173685  0.001807  0.005302  0.748544
13     0.079963  0.330718  0.002601  0.008442  0.578276
14     0.236857  0.260504  0.002873  0.024312  0.475453
15     0.472043  0.401794  0.005634  0.032581  0.087950
16     0.335596  0.220399  0.002782  0.056010  0.385213
17     0.409226  0.512075  0.001439  0.045837  0.031422
18     0.359859  0.525675  0.001711  0.071949  0.040806
19     0.286189  0.632685  0.002296  0.050865  0.027965
20     0.315615  0.582169  0.003862  0.066841  0.031512
21     0.378572  0.511636  0.001604  0.081047  0.027142
22     0.379376  0.510961  0.002345  0.093419  0.013898
23     0.314150  0.543945  0.002788  0.121796  0.017321
24     0.395598  0.469422  0.001104  0.099455  0.034421
25     0.249916  0.475789  0.007837  0.168629  0.097829
26     0.391123  0.382399  0.000749  0.203237  0.022493
27     0.340151  0.263743  0.000795  0.368930  0.026380
28     0.345211  0.186913  0.001072  0.368569  0.098234
29     0.426176  0.111083  0.001058  0.343470  0.118212
30     0.345457  0.051034  0.000963  0.091152  0.511393
31     0.614912  0.120743  0.001266  0.212977  0.050102
32     0.265473  0.045357  0.000992  0.081079  0.607098
33     0.510747  0.137074  0.000581  0.099398  0.252200
34     0.212151  0.032603  0.000344  0.015169  0.739733
35     0.355825  0.061244  0.000611  0.017067  0.565252
36     0.417243  0.063545  0.000301  0.032260  0.486651
37     0.406412  0.060951  0.000388  0.011488  0.520762
38     0.543870  0.222016  0.000720  0.033827  0.199567
39     0.242937  0.026958  0.000203  0.007473  0.722429
40     0.481375  0.148167  0.000356  0.017650  0.352452
41     0.550005  0.246415  0.000484  0.029040  0.174057
42     0.409937  0.310540  0.000442  0.029905  0.249176
             N1        N2        N3         R         W
epoch                                                  
0      0.001723  0.007661  0.003333  0.000254  0.987030
1      0.015597  0.139735  0.041669  0.001381  0.801618
2      0.003205  0.005331  0.002085  0.000124  0.989255
3      0.047153  0.024985  0.003884  0.000212  0.923767
4      0.016915  0.111938  0.304700  0.000268  0.566178
5      0.012969  0.006521  0.044920  0.000353  0.935236
6      0.008558  0.017413  0.000213  0.107785  0.866032
7      0.005176  0.003193  0.001701  0.000350  0.989580
8      0.010017  0.008588  0.000870  0.000532  0.979994
9      0.082831  0.041342  0.001038  0.000598  0.874191
10     0.117054  0.220249  0.011673  0.007282  0.643741
11     0.021200  0.027333  0.001423  0.003363  0.946680
12     0.060712  0.149542  0.001535  0.004536  0.783674
13     0.069263  0.261229  0.002420  0.008185  0.658903
14     0.242994  0.279539  0.002966  0.024429  0.450072
15     0.444858  0.397498  0.006750  0.041310  0.109585
16     0.321178  0.212561  0.002911  0.066679  0.396671
17     0.390260  0.522602  0.001164  0.055208  0.030767
18     0.342882  0.542858  0.001804  0.073352  0.039104
19     0.255971  0.658235  0.002554  0.054669  0.028570
20     0.286939  0.594419  0.004067  0.064331  0.050244
21     0.405841  0.472601  0.001730  0.087775  0.032053
22     0.360805  0.525955  0.002431  0.098248  0.012561
23     0.315626  0.541053  0.002869  0.123285  0.017166
24     0.399970  0.481755  0.001001  0.087730  0.029545
25     0.228582  0.499712  0.008344  0.193629  0.069734
26     0.418719  0.392716  0.000882  0.167320  0.020362
27     0.399559  0.258877  0.000865  0.315954  0.024745
28     0.358908  0.173209  0.000831  0.376886  0.090166
29     0.367745  0.142866  0.001018  0.382251  0.106120
30     0.355878  0.052458  0.001109  0.138292  0.452264
31     0.544450  0.139541  0.001240  0.275012  0.039757
32     0.271431  0.050569  0.001316  0.111459  0.565225
33     0.527933  0.134642  0.000834  0.115934  0.220658
34     0.232795  0.041162  0.000385  0.022758  0.702900
35     0.344422  0.073052  0.000691  0.025454  0.556380
36     0.412187  0.071157  0.000303  0.046682  0.469671
37     0.416321  0.066061  0.000368  0.018231  0.499020
38     0.526693  0.250891  0.000721  0.046504  0.175192
39     0.300164  0.044015  0.000191  0.012483  0.643147
40     0.511857  0.171306  0.000444  0.025947  0.290446
41     0.570814  0.211225  0.000473  0.048306  0.169182
42     0.488992  0.278814  0.000365  0.046750  0.185078
43     0.135552  0.120037  0.000087  0.014421  0.729903
             N1        N2        N3         R         W
epoch                                                  
0      0.001663  0.006158  0.003288  0.000232  0.988660
1      0.014325  0.103345  0.029772  0.000980  0.851578
2      0.003179  0.007933  0.001497  0.000126  0.987265
3      0.041311  0.025156  0.003810  0.000175  0.929549
4      0.014547  0.139728  0.334339  0.000269  0.511116
5      0.012964  0.006127  0.044609  0.000266  0.936033
6      0.008185  0.016477  0.000242  0.058043  0.917054
7      0.005458  0.003059  0.002257  0.000769  0.988457
8      0.015636  0.006451  0.000717  0.000440  0.976757
9      0.079160  0.042503  0.001124  0.000573  0.876640
10     0.101156  0.196367  0.013586  0.008303  0.680588
11     0.018618  0.023187  0.001312  0.002953  0.953930
12     0.051800  0.136950  0.001312  0.004301  0.805637
13     0.054530  0.216653  0.001912  0.008193  0.718712
14     0.227827  0.249053  0.003077  0.020904  0.499139
15     0.457850  0.373487  0.005749  0.043577  0.119337
16     0.292889  0.204852  0.002948  0.047650  0.451662
17     0.391534  0.515579  0.001265  0.049415  0.042207
18     0.315058  0.556156  0.001811  0.072212  0.054762
19     0.239467  0.662529  0.002707  0.055401  0.039896
20     0.264101  0.614950  0.004254  0.065993  0.050702
21     0.400167  0.468408  0.001722  0.087340  0.042363
22     0.399737  0.517379  0.002753  0.060268  0.019863
23     0.314673  0.523586  0.003231  0.140992  0.017518
24     0.363375  0.490161  0.001107  0.105362  0.039995
25     0.230104  0.456630  0.007548  0.210951  0.094767
26     0.396238  0.400285  0.000945  0.178487  0.024044
27     0.396729  0.269710  0.001391  0.307760  0.024410
28     0.334756  0.168409  0.000842  0.418053  0.077940
29     0.374309  0.138244  0.000911  0.392296  0.094240
30     0.335353  0.052277  0.000991  0.196155  0.415224
31     0.510213  0.139183  0.001096  0.317252  0.032255
32     0.255155  0.058570  0.001545  0.124573  0.560157
33     0.437188  0.175592  0.001014  0.166635  0.219570
34     0.214505  0.047200  0.000516  0.025999  0.711779
35     0.363298  0.094245  0.000814  0.026886  0.514757
36     0.410981  0.081512  0.000439  0.050028  0.457040
37     0.380188  0.079631  0.000539  0.025761  0.513882
38     0.499613  0.271041  0.000816  0.052145  0.176385
39     0.291836  0.063784  0.000277  0.014572  0.629531
40     0.473616  0.192196  0.000484  0.037210  0.296494
41     0.529246  0.276390  0.000568  0.052814  0.140982
42     0.444174  0.341030  0.000451  0.050298  0.164047
43     0.381188  0.108025  0.000306  0.040647  0.469834
44     0.107212  0.048052  0.000177  0.010371  0.834188
             N1        N2        N3         R         W
epoch                                                  
0      0.001694  0.006159  0.003167  0.000200  0.988781
1      0.014291  0.105248  0.029917  0.000998  0.849546
2      0.003314  0.006224  0.001592  0.000100  0.988769
3      0.046943  0.026219  0.004036  0.000144  0.922658
4      0.013344  0.132305  0.264429  0.000248  0.589673
5      0.012449  0.007792  0.043620  0.000198  0.935941
6      0.005890  0.014461  0.000244  0.068380  0.911026
7      0.006577  0.002852  0.002267  0.000800  0.987504
8      0.014421  0.005723  0.000624  0.000379  0.978854
9      0.076667  0.041689  0.001144  0.000543  0.879957
10     0.097158  0.178194  0.010539  0.007670  0.706439
11     0.017744  0.021401  0.001264  0.001947  0.957643
12     0.045377  0.117193  0.001211  0.003477  0.832743
13     0.048799  0.198847  0.001750  0.006907  0.743697
14     0.231754  0.254142  0.002955  0.020558  0.490592
15     0.421675  0.409950  0.005392  0.040549  0.122434
16     0.255229  0.174796  0.002827  0.045869  0.521279
17     0.381189  0.521523  0.001310  0.050989  0.044990
18     0.354873  0.494843  0.002052  0.087249  0.060983
19     0.243377  0.656137  0.003424  0.054591  0.042471
20     0.276323  0.601642  0.004599  0.066861  0.050574
21     0.379207  0.488722  0.001970  0.088617  0.041484
22     0.368502  0.543244  0.002673  0.066041  0.019541
23     0.303950  0.528611  0.003175  0.145782  0.018482
24     0.363473  0.460255  0.001127  0.136152  0.038992
25     0.224173  0.480289  0.007940  0.195733  0.091866
26     0.419756  0.372557  0.000945  0.181060  0.025682
27     0.374588  0.277133  0.001473  0.322378  0.024427
28     0.337887  0.170826  0.000922  0.415996  0.074369
29     0.358499  0.133828  0.001011  0.426119  0.080543
30     0.343483  0.054203  0.001040  0.211075  0.390199
31     0.477949  0.122473  0.001030  0.366799  0.031749
32     0.240723  0.065911  0.001463  0.131212  0.560690
33     0.432113  0.147539  0.001260  0.211598  0.207490
34     0.211299  0.055841  0.000608  0.031250  0.701002
35     0.378113  0.088793  0.000920  0.032488  0.499688
36     0.370344  0.097815  0.000490  0.058305  0.473047
37     0.370796  0.086991  0.000666  0.027781  0.513766
38     0.524862  0.264059  0.000889  0.050043  0.160148
39     0.294890  0.062113  0.000316  0.014231  0.628451
40     0.483092  0.249419  0.000489  0.035933  0.231067
41     0.542189  0.268959  0.000531  0.052003  0.136318
42     0.462172  0.329943  0.000515  0.048910  0.158460
43     0.426498  0.105361  0.000415  0.047290  0.420435
44     0.291873  0.069364  0.000475  0.016314  0.621974
45     0.058071  0.024056  0.000066  0.004633  0.913173
             N1        N2        N3         R         W
epoch                                                  
0      0.001740  0.005976  0.003168  0.000192  0.988923
1      0.012661  0.123316  0.026481  0.000866  0.836677
2      0.003190  0.007951  0.001429  0.000086  0.987344
3      0.043006  0.025891  0.003648  0.000118  0.927337
4      0.012085  0.117908  0.286976  0.000270  0.582761
5      0.010813  0.006619  0.035499  0.000173  0.946897
6      0.005814  0.014251  0.000278  0.062721  0.916936
7      0.015678  0.006661  0.005424  0.001729  0.970508
8      0.013283  0.004830  0.000550  0.000363  0.980974
9      0.089583  0.040170  0.001148  0.000478  0.868621
10     0.085221  0.157393  0.009216  0.004488  0.743682
11     0.017927  0.020913  0.001407  0.001994  0.957758
12     0.042789  0.111591  0.001021  0.003185  0.841414
13     0.041409  0.184327  0.001693  0.006192  0.766379
14     0.224638  0.255977  0.002614  0.019967  0.496805
15     0.421343  0.399368  0.005492  0.037911  0.135886
16     0.233790  0.179414  0.005800  0.045352  0.535644
17     0.387337  0.507675  0.001429  0.049778  0.053779
18     0.311683  0.530508  0.002231  0.091568  0.064010
19     0.257241  0.631887  0.003631  0.059693  0.047546
20     0.266175  0.605398  0.004240  0.076636  0.047551
21     0.388776  0.481875  0.001900  0.095660  0.031788
22     0.363656  0.540649  0.002770  0.072162  0.020763
23     0.341946  0.591993  0.003357  0.042232  0.020473
24     0.346359  0.464878  0.001195  0.147178  0.040391
25     0.247289  0.432941  0.009679  0.198603  0.111487
26     0.412625  0.361858  0.000981  0.194841  0.029694
27     0.420498  0.305567  0.001660  0.242690  0.029586
28     0.340505  0.166695  0.001148  0.417523  0.074129
29     0.363596  0.122617  0.001090  0.434958  0.077739
30     0.400338  0.064615  0.001154  0.214915  0.318978
31     0.487510  0.135194  0.001170  0.338409  0.037716
32     0.272151  0.074605  0.001215  0.152263  0.499766
33     0.416232  0.149068  0.001167  0.205618  0.227916
34     0.224649  0.062312  0.000911  0.037151  0.674978
35     0.362456  0.098135  0.001134  0.034431  0.503844
36     0.391171  0.098712  0.000608  0.065677  0.443832
37     0.397825  0.098981  0.000710  0.023052  0.479432
38     0.554404  0.228639  0.001145  0.048142  0.167670
39     0.311705  0.070012  0.000386  0.015069  0.602828
40     0.508736  0.254536  0.000657  0.033400  0.202671
41     0.528610  0.352706  0.000701  0.041747  0.076236
42     0.494472  0.341545  0.000606  0.051735  0.111642
43     0.481834  0.133357  0.000440  0.043967  0.340403
44     0.326524  0.086234  0.000507  0.019424  0.567311
45     0.218080  0.030166  0.000194  0.011861  0.739700
46     0.198424  0.044789  0.000171  0.014427  0.742189
             N1        N2        N3         R         W
epoch                                                  
0      0.001451  0.007235  0.003189  0.000221  0.987905
1      0.015141  0.083721  0.039608  0.000718  0.860812
2      0.002711  0.005131  0.001136  0.000072  0.990950
3      0.020931  0.041789  0.005383  0.000186  0.931710
4      0.005001  0.183884  0.302260  0.000311  0.508544
5      0.013842  0.010158  0.055615  0.000223  0.920162
6      0.006962  0.013033  0.000242  0.085483  0.894280
7      0.007860  0.002230  0.002265  0.000398  0.987247
8      0.007183  0.004447  0.000419  0.000257  0.987694
9      0.109658  0.057385  0.001312  0.000498  0.831147
10     0.090602  0.191998  0.013387  0.005387  0.698626
11     0.023048  0.033392  0.001870  0.003246  0.938443
12     0.054496  0.125368  0.001342  0.003043  0.815752
13     0.045669  0.175720  0.001808  0.005170  0.771632
14     0.219040  0.237557  0.002437  0.018246  0.522721
15     0.438265  0.386732  0.005372  0.024455  0.145176
16     0.195041  0.165328  0.002609  0.065530  0.571492
17     0.297356  0.523289  0.001340  0.130470  0.047545
18     0.263439  0.466671  0.001733  0.217505  0.050653
19     0.219272  0.525903  0.002526  0.216093  0.036207
20     0.199588  0.529765  0.003580  0.225366  0.041701
21     0.265942  0.420252  0.001082  0.288674  0.024050
22     0.237857  0.480059  0.001980  0.264632  0.015472
23     0.252946  0.565501  0.002834  0.161946  0.016773
24     0.304857  0.504623  0.001163  0.152368  0.036990
25     0.227926  0.391662  0.010751  0.255498  0.114163
26     0.315495  0.402214  0.001124  0.248610  0.032556
27     0.357289  0.317927  0.001390  0.293422  0.029972
28     0.276043  0.197790  0.001096  0.442775  0.082296
29     0.323470  0.166294  0.001172  0.419903  0.089161
30     0.352279  0.067982  0.000915  0.171399  0.407425
31     0.501290  0.195544  0.001106  0.256978  0.045082
32     0.241288  0.086514  0.000971  0.136506  0.534721
33     0.376577  0.156343  0.001093  0.210511  0.255476
34     0.174927  0.056529  0.000618  0.033084  0.734842
35     0.307208  0.090352  0.001054  0.034919  0.566467
36     0.331618  0.089252  0.000489  0.061393  0.517248
37     0.344538  0.095651  0.000618  0.027690  0.531503
38     0.509468  0.245330  0.000965  0.056685  0.187553
39     0.236885  0.060731  0.000338  0.015143  0.686903
40     0.510891  0.251595  0.000609  0.017080  0.219826
41     0.521154  0.386154  0.000679  0.012040  0.079973
42     0.525965  0.382807  0.000721  0.011582  0.078924
43     0.564144  0.151681  0.000767  0.012903  0.270504
44     0.430487  0.104480  0.001144  0.006380  0.457509
45     0.336712  0.047202  0.000540  0.004925  0.610622
46     0.450251  0.062376  0.000534  0.002913  0.483925
47     0.013669  0.114362  0.037462  0.029819  0.804689
             N1        N2        N3         R         W
epoch                                                  
0      0.001384  0.005212  0.003109  0.000221  0.990075
1      0.012099  0.080539  0.031346  0.000840  0.875176
2      0.002246  0.005135  0.001106  0.000063  0.991450
3      0.020822  0.041162  0.005237  0.000236  0.932543
4      0.005678  0.181611  0.342016  0.000278  0.470417
5      0.014428  0.010093  0.057176  0.000200  0.918103
6      0.009485  0.011489  0.000234  0.049297  0.929496
7      0.006995  0.002411  0.004017  0.000530  0.986047
8      0.008061  0.006308  0.000939  0.000325  0.984366
9      0.076062  0.048540  0.001169  0.000346  0.873882
10     0.107906  0.204942  0.013260  0.004347  0.669544
11     0.017731  0.023829  0.001441  0.001996  0.955004
12     0.044449  0.137876  0.001280  0.004924  0.811471
13     0.054567  0.220586  0.002120  0.004699  0.718028
14     0.228511  0.242211  0.002467  0.020408  0.506403
15     0.369503  0.432597  0.005730  0.021589  0.170581
16     0.197000  0.185095  0.002814  0.072967  0.542123
17     0.311871  0.510487  0.001348  0.128248  0.048046
18     0.246270  0.481227  0.001919  0.213694  0.056890
19     0.195356  0.576174  0.001995  0.190035  0.036440
20     0.173218  0.546963  0.003567  0.235463  0.040788
21     0.255332  0.463598  0.001007  0.255259  0.024803
22     0.246269  0.489312  0.002253  0.246662  0.015503
23     0.268966  0.535483  0.003172  0.170830  0.021549
24     0.302012  0.493546  0.001226  0.164907  0.038310
25     0.222583  0.406415  0.011610  0.240765  0.118627
26     0.354717  0.382213  0.001240  0.227229  0.034601
27     0.367159  0.326607  0.001386  0.274899  0.029949
28     0.307801  0.232456  0.001218  0.359433  0.099091
29     0.367968  0.181207  0.001559  0.359425  0.089841
30     0.367462  0.087960  0.000826  0.132431  0.411321
31     0.511703  0.210625  0.000992  0.241974  0.034706
32     0.249900  0.103569  0.001097  0.147909  0.497525
33     0.386584  0.158433  0.001121  0.207059  0.246802
34     0.189205  0.063844  0.000570  0.042034  0.704347
35     0.326971  0.104330  0.000952  0.037478  0.530268
36     0.326260  0.099844  0.000577  0.067064  0.506256
37     0.357335  0.112418  0.000662  0.032071  0.497514
38     0.488160  0.261782  0.000768  0.063160  0.186131
39     0.220072  0.066680  0.000283  0.015592  0.697373
40     0.508470  0.284881  0.000597  0.017889  0.188163
41     0.529203  0.396565  0.000666  0.011792  0.061773
42     0.517560  0.414329  0.000721  0.010575  0.056815
43     0.568111  0.220770  0.000603  0.008070  0.202446
44     0.531052  0.102648  0.000891  0.004746  0.360663
45     0.349082  0.044837  0.000442  0.003329  0.602309
46     0.512683  0.046524  0.000760  0.002600  0.437433
47     0.059329  0.297955  0.117707  0.004840  0.520169
48     0.017353  0.249512  0.112888  0.001220  0.619027
             N1        N2        N3         R         W
epoch                                                  
0      0.001251  0.004992  0.002930  0.000227  0.990600
1      0.016394  0.101553  0.039149  0.001376  0.841527
2      0.001777  0.005185  0.001021  0.000058  0.991960
3      0.016021  0.030228  0.003817  0.000196  0.949737
4      0.004008  0.052671  0.379461  0.000309  0.563550
5      0.013728  0.007546  0.035548  0.000238  0.942939
6      0.022117  0.020682  0.000291  0.023280  0.933629
7      0.007750  0.001900  0.002871  0.001167  0.986313
8      0.009263  0.005593  0.000617  0.001228  0.983300
9      0.067529  0.040244  0.001632  0.000301  0.890293
10     0.115369  0.239529  0.015797  0.004773  0.624531
11     0.017036  0.026414  0.001047  0.001398  0.954104
12     0.053948  0.099857  0.001138  0.003626  0.841430
13     0.055664  0.213116  0.001953  0.004467  0.724800
14     0.216035  0.241881  0.002545  0.021228  0.518312
15     0.360216  0.397447  0.006346  0.023182  0.212808
16     0.217019  0.154055  0.003124  0.077880  0.547922
17     0.342378  0.470619  0.001443  0.134935  0.050626
18     0.230612  0.475311  0.001982  0.228234  0.063862
19     0.156993  0.638008  0.001778  0.169840  0.033380
20     0.169816  0.531383  0.003475  0.254625  0.040701
21     0.265492  0.439365  0.001039  0.267161  0.026942
22     0.250080  0.510447  0.002155  0.222310  0.015008
23     0.267005  0.526884  0.002887  0.184322  0.018902
24     0.268259  0.547859  0.001016  0.149067  0.033799
25     0.247484  0.388287  0.012211  0.229873  0.122145
26     0.332126  0.413354  0.001119  0.224887  0.028514
27     0.404410  0.314423  0.001248  0.251231  0.028688
28     0.338343  0.232479  0.001221  0.335682  0.092275
29     0.398278  0.153330  0.001465  0.376182  0.070744
30     0.384743  0.091648  0.000710  0.117555  0.405343
31     0.514846  0.213197  0.000960  0.237128  0.033868
32     0.265058  0.101420  0.001118  0.159086  0.473319
33     0.382367  0.167770  0.001153  0.219439  0.229270
34     0.207372  0.070128  0.000600  0.045896  0.676003
35     0.339951  0.101784  0.000929  0.039658  0.517679
36     0.338400  0.108001  0.000533  0.066330  0.486736
37     0.349434  0.113028  0.000649  0.031440  0.505449
38     0.496888  0.254009  0.000715  0.064990  0.183399
39     0.218600  0.071536  0.000285  0.013607  0.695971
40     0.496510  0.287758  0.000652  0.019059  0.196021
41     0.527163  0.404237  0.000622  0.011069  0.056910
42     0.532460  0.402214  0.000736  0.011210  0.053380
43     0.596198  0.208049  0.000581  0.008181  0.186991
44     0.536921  0.096470  0.000795  0.005324  0.360490
45     0.334826  0.043409  0.000413  0.003545  0.617807
46     0.524817  0.044990  0.000772  0.003171  0.426249
47     0.053283  0.250395  0.107162  0.003135  0.586025
48     0.014478  0.217672  0.102031  0.001163  0.664656
